83.57 0.2053 3.66 21.59 0.0557 8.0969 184.3001
2
286
0.010 -0.418763 0.050863
13.120 -0.399834 0.054604
26.960 -0.282736 0.036241
26.980 -0.283739 0.036460
50.010 -0.083897 0.012694
51.850 -0.111487 0.015634
70.890 -0.256767 0.025719
105.780 -0.169435 0.020663
130.850 -0.207251 0.026838
157.820 -0.255661 0.030936
184.820 -0.294250 0.010051
347.060 -0.246906 0.008533
356.010 -0.173390 0.006418
363.010 -0.211010 0.008097
365.960 -0.242004 0.009228
365.980 -0.245654 0.009182
369.170 -0.172688 0.006614
373.170 -0.198353 0.007433
378.170 -0.100420 0.003593
393.930 -0.012846 0.000464
399.100 -0.011990 0.000736
408.890 -0.042967 0.002438
419.850 0.048948 0.003181
426.030 0.097688 0.005928
434.030 0.204570 0.011636
443.770 0.106534 0.006239
443.780 0.101317 0.007297
451.950 0.103212 0.008548
462.780 0.131939 0.008975
470.050 0.067958 0.005425
470.060 0.078079 0.002635
478.870 0.115748 0.005660
496.960 0.126704 0.007065
505.810 0.179010 0.008327
505.820 0.180092 0.008427
514.820 0.257486 0.012024
523.820 0.244923 0.012642
535.840 0.253527 0.013458
535.850 0.273306 0.013398
550.840 0.203851 0.010997
566.820 0.204873 0.010734
718.010 -0.117403 0.004466
719.100 -0.102002 0.003630
722.000 -0.137123 0.004860
722.010 -0.137385 0.005314
731.010 -0.134869 0.005027
739.960 -0.222547 0.009540
747.950 -0.117049 0.005143
752.100 -0.095133 0.004194
756.120 -0.053444 0.002107
764.960 -0.007608 0.000278
764.980 -0.010809 0.000402
775.100 0.087501 0.003120
781.130 0.029299 0.001078
782.060 0.022114 0.000843
782.070 0.022291 0.000806
791.030 0.072142 0.002316
802.780 0.134101 0.004146
808.960 0.099372 0.003172
808.980 0.099414 0.003146
818.060 0.147916 0.004800
827.780 0.070689 0.002330
844.880 -0.054497 0.001390
844.890 -0.053520 0.001386
854.030 -0.069918 0.001822
854.050 -0.063345 0.001724
862.840 -0.084692 0.002192
870.820 -0.113941 0.003014
879.940 -0.135954 0.003680
897.890 0.058101 0.001650
907.820 0.020464 0.000574
907.840 0.016521 0.000458
920.820 0.081340 0.003607
924.820 -0.009215 0.000440
1099.980 0.016771 0.000742
1100.960 0.009405 0.000552
1113.930 -0.008969 0.000460
1117.140 -0.054261 0.002928
1122.930 0.003953 0.000223
1129.130 -0.012173 0.000501
1138.890 0.077963 0.003219
1147.060 0.082366 0.003926
1147.070 0.082087 0.003946
1157.810 -0.056466 0.002661
1157.820 -0.053515 0.002451
1164.810 0.037766 0.001684
1164.820 0.037869 0.001614
1172.990 -0.095224 0.004374
1187.780 -0.074665 0.003686
1190.940 -0.139518 0.006289
1200.870 -0.138536 0.005964
1200.880 -0.130327 0.005931
1209.060 -0.209692 0.034377
1226.850 -0.127440 0.027978
1231.850 -0.045188 0.015232
1235.990 0.004275 0.001936
1244.820 0.029720 0.006450
1253.820 -0.001798 0.000318
1262.820 -0.085416 0.021572
1262.840 -0.037003 0.022378
1274.820 0.056476 0.014846
1280.820 0.154482 0.049489
1448.010 0.347046 0.046681
1455.010 0.425049 0.056190
1462.010 0.306722 0.047004
1465.960 0.419010 0.046743
1466.960 0.344572 0.044517
1469.170 0.286089 0.040645
1473.170 0.301365 0.056896
1494.100 0.275895 0.049488
1497.990 0.412520 0.057995
1503.090 0.334479 0.044979
1513.870 0.396641 0.033959
1521.020 0.345726 0.026636
1521.030 0.294300 0.026627
1530.010 0.253915 0.019292
1540.820 0.195677 0.016326
1569.780 0.071328 0.006228
1569.800 0.091544 0.006403
1584.800 0.163918 0.013989
1600.840 0.069720 0.005682
1600.850 0.066575 0.005445
1618.950 0.128000 0.003666
1628.820 0.124018 0.003668
1636.820 0.188238 0.005725
1645.820 0.194884 0.006083
1645.840 0.194841 0.006255
1817.020 -0.122069 0.003568
1817.030 -0.128508 0.003480
1822.010 -0.102500 0.003394
1826.100 -0.077359 0.002599
1830.960 -0.018378 0.000572
1839.950 -0.020696 0.001150
1839.960 -0.024280 0.001144
1849.930 -0.028638 0.001357
1852.130 -0.045860 0.002407
1857.030 -0.087193 0.004466
1860.140 -0.073512 0.003610
1868.910 -0.107776 0.005850
1871.120 -0.126171 0.006657
1878.050 -0.190223 0.009832
1878.060 -0.193216 0.009819
1887.050 -0.320173 0.011800
1887.060 -0.326032 0.011846
1914.870 -0.236515 0.008559
1930.920 -0.229351 0.008412
1941.780 -0.170987 0.006173
1941.800 -0.158501 0.006153
1941.980 -0.158944 0.006421
1957.820 -0.199978 0.007790
1957.840 -0.204344 0.007716
1966.820 -0.166715 0.006473
1969.890 -0.126811 0.007412
1975.820 -0.108217 0.005764
1984.820 -0.144025 0.007120
1986.890 -0.125484 0.006957
1993.820 -0.096822 0.005184
1993.840 -0.106636 0.005385
2002.820 -0.204168 0.010208
2002.840 -0.206283 0.009905
2020.820 -0.189733 0.010236
2175.020 -0.428762 0.021911
2177.180 -0.431232 0.015814
2183.010 -0.390351 0.014787
2192.960 -0.412710 0.015380
2192.980 -0.419375 0.015470
2201.960 -0.373093 0.013533
2204.170 -0.329458 0.011411
2214.980 -0.264656 0.009220
2224.990 -0.310232 0.010758
2234.090 -0.289405 0.011702
2243.090 -0.314123 0.011383
2243.100 -0.334434 0.022005
2261.030 -0.470121 0.031528
2270.010 -0.435218 0.030364
2270.020 -0.419416 0.029489
2278.800 -0.407076 0.029104
2278.810 -0.382824 0.030772
2287.940 -0.481567 0.033308
2296.920 -0.436314 0.032439
2307.780 -0.462469 0.031890
2307.800 -0.416196 0.027587
2314.870 -0.478669 0.052103
2323.820 -0.483658 0.057416
2323.840 -0.497923 0.051436
2331.820 -0.372279 0.042413
2340.820 -0.326214 0.037370
2349.820 -0.328595 0.034913
2358.820 -0.366513 0.040505
2367.820 -0.280947 0.030909
2376.820 -0.306995 0.038529
2385.820 -0.348284 0.041705
2385.840 -0.356572 0.010662
2540.030 -0.374211 0.010932
2548.100 -0.496093 0.014533
2549.030 -0.514664 0.014450
2552.010 -0.560672 0.015025
2560.980 -0.516633 0.014965
2575.160 -0.673297 0.018675
2578.130 -0.620260 0.018273
2583.130 -0.662890 0.018754
2590.100 -0.571668 0.016009
2599.140 -0.592693 0.016465
2607.960 -0.510159 0.015353
2617.020 -0.509558 0.015047
2617.030 -0.527202 0.014838
2625.010 -0.469742 0.014257
2625.020 -0.475266 0.014397
2633.820 -0.467323 0.014077
2643.000 -0.477375 0.014051
2643.010 -0.449753 0.014076
2651.940 -0.353037 0.011320
2687.960 -0.348856 0.073421
2696.840 -0.214156 0.063539
2696.850 -0.303701 0.063363
2715.940 -0.456161 0.113063
2723.830 -0.310279 0.082268
2732.830 -0.322977 0.075127
2741.830 -0.353539 0.073419
2741.840 -0.333402 0.073709
2751.840 -0.431516 0.061541
2909.030 -0.184807 0.051387
2913.100 -0.248695 0.006855
2918.010 -0.250384 0.006899
2930.960 -0.165294 0.004504
2931.180 -0.177279 0.005200
2934.160 -0.193701 0.005332
2939.930 -0.206913 0.005323
2948.130 -0.243790 0.006606
2955.890 -0.320194 0.008999
2964.030 -0.328186 0.008889
2964.050 -0.320393 0.008690
2983.810 -0.224561 0.014012
2991.810 -0.207199 0.012508
2991.820 -0.213616 0.012666
2999.990 -0.263348 0.015269
3009.010 -0.249696 0.014944
3009.020 -0.256550 0.014796
3017.830 -0.286173 0.017150
3035.930 -0.376230 0.026322
3053.830 -0.415165 0.029850
3053.840 -0.378569 0.029816
3061.820 -0.509237 0.014604
3061.830 -0.500511 0.014601
3070.820 -0.466569 0.013954
3079.820 -0.447625 0.012726
3079.830 -0.453723 0.013230
3088.830 -0.376554 0.011254
3097.830 -0.312579 0.009362
3097.840 -0.324352 0.009308
3106.840 -0.341557 0.009683
3116.830 -0.417809 0.012046
3273.180 -0.293941 0.009684
3279.010 -0.283451 0.009597
3287.990 -0.362587 0.011316
3295.960 -0.399505 0.012737
3300.170 -0.324602 0.011917
3304.140 -0.354925 0.011523
3304.160 -0.367477 0.011691
3314.140 -0.257195 0.008616
3323.090 -0.294961 0.010068
3327.030 -0.287976 0.010387
3330.080 -0.289825 0.011152
3330.090 -0.294076 0.011333
3343.840 -0.163033 0.006035
3348.060 -0.128164 0.004784
3356.960 -0.153568 0.005969
3365.070 -0.116337 0.004276
3372.800 -0.130427 0.004941
3373.890 -0.125691 0.004290
3382.940 -0.151583 0.005414
3387.880 -0.171723 0.006811
3391.990 -0.187009 0.018121
3392.000 -0.208202 0.016628
3400.780 -0.259017 0.019400
3400.800 -0.270903 0.018729
3418.910 -0.162222 0.013137
3429.820 -0.170683 0.013223
3429.830 -0.162378 0.013378
3436.820 -0.180973 0.014317
3445.820 -0.122058 0.011182
3445.830 -0.142021 0.010862
3454.840 -0.056643 0.003101
3461.840 -0.045749 0.002336
3463.830 -0.100547 0.004681
3463.840 -0.089585 0.004288
402
0.030 0.005759 0.001240
0.050 0.005132 0.001222
13.140 -0.847945 0.148924
27.010 -0.771229 0.155754
27.020 -0.875830 0.155421
50.180 -0.717185 0.114518
51.880 -0.787624 0.112291
51.890 -0.467881 0.123136
59.020 -0.585507 0.114824
105.820 -0.603818 0.115397
117.940 -0.474780 0.102762
130.870 -0.520946 0.109601
130.880 -0.508406 0.109369
157.850 -0.375228 0.082580
157.870 -0.382129 0.082421
166.850 -0.396472 0.090049
184.850 -0.414416 0.079251
184.870 -0.420320 0.077070
347.090 -0.035476 0.006550
347.100 -0.036982 0.006877
356.030 -0.048894 0.011813
356.050 -0.067998 0.011094
363.030 -0.025543 0.005193
363.050 -0.030644 0.005120
366.010 -0.017775 0.002073
366.020 -0.017982 0.002070
373.980 -0.063727 0.006682
373.990 -0.044225 0.006682
379.990 -0.017756 0.002952
380.000 -0.023647 0.002942
393.960 0.108675 0.012815
399.130 0.127009 0.014038
399.140 0.130027 0.014034
408.920 0.124301 0.015354
408.930 0.122894 0.015353
419.890 0.099859 0.012998
426.060 0.130554 0.016984
426.070 0.114029 0.016985
434.060 0.147526 0.020435
434.070 0.156985 0.021345
443.810 0.252628 0.028539
443.820 0.254115 0.028531
451.980 0.199589 0.021188
451.990 0.189045 0.021182
462.810 0.159137 0.023451
462.820 0.161289 0.023449
470.780 0.151153 0.017928
470.800 0.136296 0.019830
478.890 0.098818 0.014983
478.910 0.118082 0.014922
497.000 0.127953 0.027298
497.010 0.145784 0.027259
500.920 0.148115 0.026759
505.850 0.095677 0.024684
514.850 0.161325 0.023432
523.850 0.220561 0.030647
523.870 0.178682 0.027322
525.820 0.194646 0.026591
535.880 0.206619 0.035627
535.890 0.165894 0.033814
550.870 0.213150 0.034577
550.880 0.234417 0.042263
567.820 0.131483 0.030323
567.840 0.165027 0.031408
718.030 -0.131474 0.019640
718.050 -0.101046 0.017186
719.130 -0.101247 0.016685
719.140 -0.080643 0.015989
722.030 -0.070460 0.015193
731.030 -0.068649 0.013550
731.050 -0.067068 0.013536
748.100 -0.154518 0.020350
748.120 -0.149822 0.022631
752.140 -0.095653 0.014596
756.140 -0.073325 0.009825
756.160 -0.063055 0.009782
765.010 0.032350 0.004250
765.020 0.033090 0.004338
775.130 0.072265 0.010590
775.140 0.082198 0.010570
782.090 0.080635 0.015915
782.100 0.102137 0.015884
791.060 0.118991 0.013678
791.070 0.093298 0.013645
802.820 0.137935 0.022945
809.010 0.212398 0.026392
809.020 0.171285 0.026339
818.090 0.165772 0.025929
818.100 0.170058 0.025871
827.820 0.152669 0.026395
844.910 0.071657 0.010002
844.920 0.067864 0.009695
853.880 0.028647 0.003923
854.070 0.024642 0.004315
854.090 0.028678 0.004316
862.870 0.014265 0.002411
862.880 0.016649 0.002404
870.850 -0.024812 0.002653
880.000 -0.062200 0.008468
880.010 -0.058583 0.008370
897.930 0.045374 0.006716
897.940 0.055833 0.007148
907.850 0.089282 0.010095
907.870 0.084297 0.009553
920.890 0.116794 0.014233
924.850 0.128419 0.014905
924.870 0.117093 0.014881
1100.010 0.115346 0.012436
1100.020 0.094948 0.012423
1101.000 0.097907 0.012495
1101.010 0.091202 0.012484
1113.960 0.085842 0.012653
1117.170 0.103496 0.014426
1117.180 0.122494 0.014953
1122.960 0.150810 0.016641
1123.930 0.123832 0.016938
1124.140 0.140839 0.017056
1129.160 0.146482 0.019139
1129.170 0.149627 0.018958
1138.920 0.177628 0.024213
1138.930 0.176218 0.025513
1147.100 0.342397 0.034802
1157.850 0.264093 0.032233
1164.840 0.194185 0.025303
1164.850 0.194095 0.025330
1172.810 0.235929 0.028977
1173.020 0.296017 0.028958
1173.030 0.223311 0.028444
1187.810 0.205131 0.025322
1187.820 0.216339 0.025335
1190.960 0.277243 0.025570
1190.980 0.225895 0.023343
1200.890 0.159203 0.016003
1200.910 0.174289 0.017689
1207.850 0.136192 0.017632
1209.090 0.179159 0.019226
1209.100 0.165733 0.019238
1226.870 0.140787 0.020126
1226.880 0.189144 0.020135
1236.810 0.267599 0.031696
1236.820 0.214591 0.031726
1244.910 0.262583 0.041918
1244.920 0.298824 0.041940
1253.850 0.329687 0.048460
1262.850 0.404991 0.045030
1262.870 0.343487 0.042751
1274.930 0.381245 0.041480
1274.940 0.387160 0.037642
1280.850 0.301600 0.043959
1280.870 0.400924 0.048244
1448.030 0.526968 0.062729
1448.050 0.582937 0.059445
1455.030 0.515588 0.061512
1455.050 0.629188 0.068045
1462.030 0.578058 0.071519
1462.050 0.488598 0.064199
1467.000 0.649883 0.062276
1469.980 0.562761 0.066037
1469.990 0.548642 0.066093
1473.990 0.466727 0.059245
1474.000 0.550128 0.062593
1494.140 0.349389 0.054583
1503.120 0.539772 0.051330
1503.130 0.411137 0.051388
1513.890 0.460506 0.050950
1513.910 0.368402 0.051027
1521.050 0.587187 0.053716
1521.060 0.530816 0.053779
1530.030 0.375288 0.045010
1530.050 0.295487 0.045030
1540.850 0.241373 0.030989
1569.820 0.135263 0.016633
1569.840 0.107212 0.020378
1584.820 0.073205 0.008905
1584.840 0.054206 0.008917
1600.880 0.047503 0.008468
1618.980 -0.033352 0.007344
1618.990 -0.040283 0.006843
1628.930 -0.021495 0.004034
1628.940 -0.024907 0.003791
1636.850 -0.023506 0.004206
1636.870 -0.024240 0.004396
1645.850 0.010002 0.001900
1645.870 0.009834 0.001988
1661.840 -0.012141 0.002506
1661.850 -0.017510 0.002511
1817.050 -0.504073 0.090359
1817.060 -0.381542 0.090573
1822.030 -0.524734 0.094937
1822.050 -0.632738 0.095148
1826.140 -0.590721 0.094668
1831.000 -0.453433 0.091918
1831.010 -0.563319 0.084129
1839.990 -0.399843 0.076662
1840.000 -0.496009 0.078265
1844.200 -0.353369 0.076957
1849.960 -0.463990 0.073388
1852.160 -0.485415 0.074873
1852.170 -0.508507 0.074724
1868.940 -0.481803 0.083265
1868.950 -0.521466 0.083100
1878.070 -0.639674 0.094598
1878.090 -0.531023 0.094431
1887.090 -0.884550 0.117111
1887.100 -0.797603 0.116905
1905.980 -0.620080 0.147526
1914.890 -0.892431 0.133414
1914.910 -0.797336 0.133114
1930.950 -0.849315 0.129540
1930.960 -0.911363 0.129278
1941.820 -0.521920 0.129085
1957.870 -0.773673 0.125033
1957.880 -0.814533 0.146804
1966.850 -0.907579 0.149807
1967.000 -0.914956 0.149653
1975.850 -0.830605 0.142569
1984.850 -0.955168 0.135471
1984.870 -0.793136 0.135235
1993.850 -0.719194 0.134802
1993.870 -0.876353 0.134536
2002.870 -0.743644 0.189654
2002.880 -0.831738 0.188239
2020.850 -0.736479 0.223074
2020.870 -0.985636 0.222471
2175.050 -1.044440 0.267660
2175.060 -1.746938 0.266966
2178.070 -0.901790 0.263703
2183.030 -0.601115 0.257794
2183.050 -1.312588 0.249003
2193.010 -1.135598 0.240621
2202.000 -1.082757 0.241148
2202.010 -1.029791 0.240538
2204.980 -0.976432 0.236378
2204.990 -0.789872 0.235775
2208.930 -0.731860 0.227664
2208.940 -0.606947 0.227075
2215.010 -0.842907 0.210542
2215.020 -0.552914 0.231943
2218.120 -1.384757 0.228410
2225.070 -1.083706 0.228195
2234.100 -0.828143 0.230793
2234.120 -0.893533 0.230242
2243.130 -0.644167 0.238836
2243.140 -1.125030 0.238262
2261.060 -0.803825 0.199484
2270.050 -1.149438 0.216922
2270.060 -1.173211 0.216451
2272.050 -0.964987 0.216705
2278.840 -1.293940 0.219088
2278.850 -0.971596 0.218642
2287.960 -1.144083 0.221418
2287.980 -1.065120 0.220983
2296.950 -0.846656 0.258150
2296.960 -0.691395 0.257629
2307.850 -1.006639 0.257926
2307.870 -1.454600 0.257426
2314.890 -1.364003 0.258175
2314.910 -1.198221 0.257648
2323.820 -0.960562 0.255081
2323.850 -1.080150 0.254537
2323.870 -1.378570 0.275590
2331.850 -0.758770 0.284527
2340.850 -0.786893 0.266824
2349.850 -0.835219 0.254923
2358.870 -0.680948 0.262669
2367.850 -1.176290 0.269670
2367.870 -0.777995 0.269093
2376.850 -0.828613 0.244597
2376.870 -1.145490 0.316088
2385.850 -0.654863 0.321242
2385.870 -0.767249 0.320502
2540.070 -0.766737 0.307979
2548.130 -1.065488 0.294657
2548.140 -0.563901 0.293951
2549.060 -1.024947 0.295771
2549.070 -0.572003 0.295075
2552.030 -1.300934 0.305544
2552.050 -0.892613 0.247479
2561.010 -1.373945 0.260117
2561.020 -0.985292 0.259488
2576.940 -0.864189 0.269167
2576.950 -0.858333 0.268544
2578.160 -1.371679 0.269200
2578.170 -1.206317 0.268589
2583.160 -0.878077 0.276613
2583.170 -1.407935 0.275989
2590.140 -1.344262 0.357256
2601.180 -1.319669 0.318127
2608.000 -1.290747 0.313331
2608.010 -0.698628 0.312598
2617.050 -1.166288 0.303987
2617.060 -1.128341 0.303294
2625.050 -0.531410 0.513164
2625.060 -0.582385 0.489468
2630.920 -0.818261 0.474002
2631.100 -1.119069 0.513933
2633.850 -1.068085 0.500003
2643.030 -1.146635 0.450316
2651.960 -1.299615 0.433407
2651.980 -0.596144 0.439855
2688.000 -0.964340 0.431027
2688.010 -1.258347 0.437394
2696.880 -1.379876 0.369539
2696.890 -0.740229 0.311495
2723.850 -0.915157 0.379340
2723.870 -0.402545 0.376392
2732.850 -0.362460 0.345420
2732.870 -0.841083 0.341027
2741.870 -0.922292 0.314120
2741.880 -0.726255 0.347053
2752.830 -1.078407 0.327342
2752.840 -0.426990 0.276673
2909.060 -0.684772 0.304789
2909.070 -0.832041 0.294134
2913.130 -0.886350 0.297930
2913.140 -0.374507 0.297162
2918.030 -0.913462 0.178986
2918.050 -0.730786 0.177854
2929.170 -0.783212 0.175911
2931.000 -0.939195 0.171293
2931.010 -0.980231 0.170888
2933.000 -0.734054 0.165345
2933.010 -0.820074 0.164955
2934.980 -0.789787 0.142666
2934.990 -0.802579 0.142355
2939.960 -0.510038 0.144980
2948.160 -0.631498 0.151768
2948.170 -0.461132 0.151453
2955.920 -0.794822 0.160301
2955.930 -1.030153 0.159991
2964.080 -0.887181 0.169828
2964.090 -1.006698 0.149148
2983.840 -0.873641 0.138616
2983.850 -0.819880 0.138330
2991.850 -0.542009 0.131262
3000.020 -0.822729 0.123831
3000.030 -0.641840 0.123579
3007.050 -0.566740 0.127671
3009.050 -0.806564 0.128402
3009.060 -0.660957 0.128145
3017.890 -0.729038 0.134743
3017.910 -0.589741 0.133967
3035.960 -0.773436 0.159328
3053.850 -1.120832 0.148617
3053.870 -0.867319 0.148372
3061.850 -0.660498 0.145571
3065.880 -1.257979 0.146345
3070.850 -0.700138 0.150473
3079.850 -0.762759 0.146233
3079.870 -0.815118 0.145980
3088.850 -1.019893 0.136791
3088.870 -0.942729 0.138461
3097.870 -0.962026 0.127929
3097.880 -0.490312 0.127698
3106.870 -0.692001 0.117960
3106.880 -0.591708 0.117758
3116.850 -0.811867 0.117874
3116.870 -0.758151 0.117682
3279.030 -0.488157 0.084219
3279.050 -0.453318 0.084081
3288.020 -0.617647 0.082187
3288.030 -0.770134 0.082059
3296.000 -0.544822 0.087030
3296.010 -0.678284 0.086888
3300.960 -0.509440 0.082903
3304.930 -0.474203 0.082591
3304.940 -0.619784 0.082617
3314.170 -0.533788 0.092829
3314.180 -0.594042 0.077067
3330.100 -0.444924 0.061495
3330.120 -0.421684 0.061538
3337.030 -0.513306 0.064510
3343.870 -0.420210 0.057233
3343.880 -0.493401 0.057236
3348.820 -0.394289 0.051299
3348.830 -0.385235 0.051312
3356.990 -0.336502 0.048315
3357.000 -0.444384 0.052994
3365.100 -0.386961 0.054682
3366.920 -0.384675 0.054427
3373.950 -0.415928 0.051053
3373.960 -0.353816 0.051070
3382.960 -0.383079 0.053948
3382.980 -0.344963 0.053977
3386.990 -0.311407 0.055596
3392.030 -0.514159 0.052048
3400.830 -0.524502 0.057793
3400.840 -0.523167 0.057816
3418.940 -0.569202 0.091993
3418.950 -0.608650 0.091464
3427.920 -0.408396 0.070991
3429.920 -0.497466 0.068796
3429.930 -0.429673 0.069273
3436.850 -0.368303 0.067804
3445.850 -0.397432 0.066174
3451.890 -0.446211 0.061646
3454.870 -0.290524 0.058041
3454.880 -0.338422 0.057917
3463.870 -0.281151 0.053659
3463.880 -0.307011 0.053560
3479.850 -0.340692 0.067427
3481.850 -0.431209 0.064902
