79.58 0.2140 0.07 21.35 0.0861 1.8263 518.3438
2
286
0.010 0.184951 0.015343
13.120 -0.342426 0.032845
26.960 -0.309249 0.027907
26.980 -0.321352 0.028416
50.010 0.260097 0.022970
51.850 0.209569 0.020605
70.890 0.205853 0.021163
105.780 -0.043667 0.004651
130.850 0.503515 0.049926
157.820 0.383515 0.035364
184.820 0.352125 0.009967
347.060 0.299626 0.008263
356.010 0.554917 0.016864
363.010 0.564175 0.017189
365.960 0.450541 0.013558
365.980 0.453276 0.013198
369.170 0.412731 0.012312
373.170 0.254187 0.008195
378.170 0.280586 0.008637
393.930 0.189297 0.005750
399.100 0.115078 0.005697
408.890 0.113810 0.005685
419.850 0.220714 0.009416
426.030 0.223514 0.010230
434.030 0.089304 0.004473
443.770 0.155082 0.007391
443.780 0.155902 0.009399
451.950 -0.106407 0.006247
462.780 -0.084360 0.005075
470.050 -0.104508 0.005969
470.060 -0.106723 0.002882
478.870 0.051491 0.001979
496.960 0.074461 0.003087
505.810 0.184230 0.007861
505.820 0.212099 0.008121
514.820 0.288052 0.010723
523.820 0.113829 0.004564
535.840 0.238145 0.010308
535.850 0.248245 0.010565
550.840 0.070216 0.002760
566.820 -0.009883 0.000428
718.010 0.245274 0.007335
719.100 0.331595 0.009459
722.000 0.331774 0.009962
722.010 0.349036 0.010624
731.010 0.410047 0.011663
739.960 0.438293 0.016208
747.950 0.198658 0.006993
752.100 0.178007 0.005543
756.120 0.174002 0.006116
764.960 -0.010366 0.000309
764.980 -0.011473 0.000325
775.100 0.267082 0.007826
781.130 0.121105 0.003552
782.060 0.109375 0.003185
782.070 0.105323 0.003089
791.030 -0.066449 0.001708
802.780 0.124756 0.003296
808.960 0.058753 0.001558
808.980 0.049668 0.001368
818.060 -0.086793 0.002287
827.780 -0.044147 0.001165
844.880 0.040103 0.000844
844.890 0.046958 0.001015
854.030 0.392247 0.008611
854.050 0.391171 0.008808
862.840 0.389985 0.008729
870.820 0.240453 0.005321
879.940 0.285075 0.006416
897.890 0.462475 0.010666
907.820 0.441438 0.009964
907.840 0.415734 0.009588
920.820 0.147390 0.005791
924.820 0.185971 0.006745
1099.980 -0.077862 0.002959
1100.960 -0.094732 0.003956
1113.930 -0.090138 0.003729
1117.140 -0.048871 0.002197
1122.930 0.016285 0.000735
1129.130 -0.081161 0.002803
1138.890 -0.111500 0.003932
1147.060 -0.118273 0.004510
1147.070 -0.105773 0.004360
1157.810 -0.005829 0.000219
1157.820 -0.014080 0.000502
1164.810 0.080117 0.002915
1164.820 0.072922 0.002793
1172.990 0.275517 0.010151
1187.780 0.460287 0.016041
1190.940 0.578955 0.020048
1200.870 0.381879 0.013731
1200.880 0.365677 0.013790
1209.060 0.335893 0.054915
1226.850 0.299332 0.046575
1231.850 0.173779 0.045339
1235.990 0.290065 0.052957
1244.820 0.011080 0.002398
1253.820 -0.214345 0.035521
1262.820 -0.166194 0.041817
1262.840 -0.123300 0.043022
1274.820 -0.418961 0.089651
1280.820 -0.161942 0.039842
1448.010 -0.053379 0.005148
1455.010 -0.006566 0.000883
1462.010 -0.181177 0.017599
1465.960 -0.167256 0.018303
1466.960 -0.088713 0.008873
1469.170 -0.178707 0.019495
1473.170 -0.227872 0.036824
1494.100 -0.571053 0.073467
1497.990 -0.416127 0.058730
1503.090 -0.286622 0.036497
1513.870 -0.290467 0.018354
1521.020 -0.156899 0.009719
1521.030 -0.154072 0.009865
1530.010 -0.063919 0.004183
1540.820 -0.177184 0.009812
1569.780 -0.036957 0.002219
1569.800 -0.048623 0.002802
1584.800 0.090343 0.005707
1600.840 0.131586 0.007716
1600.850 0.129280 0.007813
1618.950 0.061209 0.001508
1628.820 0.091714 0.002265
1636.820 0.025735 0.000631
1645.820 -0.059139 0.001525
1645.840 -0.064391 0.001606
1817.020 0.376584 0.008979
1817.030 0.369931 0.008888
1822.010 0.373320 0.010164
1826.100 0.308436 0.008539
1830.960 0.284121 0.006605
1839.950 0.333505 0.014016
1839.960 0.327792 0.013827
1849.930 0.306170 0.012699
1852.130 0.289861 0.011914
1857.030 0.322015 0.013070
1860.140 0.226475 0.009123
1868.910 0.014896 0.000570
1871.120 0.064153 0.002623
1878.050 0.191059 0.007601
1878.060 0.172843 0.007666
1887.050 0.204536 0.005953
1887.060 0.200516 0.005793
1914.870 0.193591 0.005633
1930.920 0.166428 0.005012
1941.780 -0.009727 0.000297
1941.800 -0.005744 0.000161
1941.980 -0.007918 0.000233
1957.820 -0.059943 0.001773
1957.840 -0.038830 0.001172
1966.820 0.000416 0.000012
1969.890 0.059083 0.002725
1975.820 0.331072 0.014410
1984.820 0.289879 0.011762
1986.890 0.370712 0.015291
1993.820 0.288536 0.011522
1993.840 0.314524 0.011688
2002.820 0.282340 0.010851
2002.840 0.261246 0.011162
2020.820 0.132692 0.005169
2175.020 0.546438 0.023525
2177.180 0.470378 0.013016
2183.010 0.631738 0.018706
2192.960 0.473115 0.013360
2192.980 0.463861 0.013197
2201.960 0.076711 0.002092
2204.170 0.034487 0.000998
2214.980 -0.005424 0.000164
2224.990 -0.064162 0.001703
2234.090 -0.197879 0.005815
2243.090 -0.237301 0.007171
2243.100 -0.251534 0.014019
2261.030 -0.280704 0.017548
2270.010 -0.382924 0.022271
2270.020 -0.367792 0.021036
2278.800 -0.253594 0.014738
2278.810 -0.256613 0.015363
2287.940 -0.480114 0.028055
2296.920 -0.398987 0.027466
2307.780 -0.105978 0.006214
2307.800 -0.102147 0.005574
2314.870 -0.175675 0.016267
2323.820 -0.199269 0.018833
2323.840 -0.206023 0.016871
2331.820 -0.157872 0.014218
2340.820 -0.194343 0.017570
2349.820 -0.086473 0.007266
2358.820 -0.110569 0.008207
2367.820 -0.068595 0.006132
2376.820 0.243585 0.022333
2385.820 0.217335 0.020126
2385.840 0.236443 0.005549
2540.030 -0.079002 0.001884
2548.100 -0.291947 0.007063
2549.030 -0.268617 0.006451
2552.010 -0.227388 0.005396
2560.980 -0.063232 0.001485
2575.160 -0.085527 0.002028
2578.130 -0.127689 0.003053
2583.130 -0.259071 0.006188
2590.100 -0.231460 0.005459
2599.140 -0.362903 0.008813
2607.960 -0.194760 0.004775
2617.020 -0.252206 0.005961
2617.030 -0.250412 0.005994
2625.010 -0.310688 0.007531
2625.020 -0.297096 0.007631
2633.820 -0.269305 0.006863
2643.000 -0.271112 0.006715
2643.010 -0.276600 0.006887
2651.940 -0.297709 0.007790
2687.960 -0.461643 0.099568
2696.840 -0.461501 0.074859
2696.850 -0.420939 0.074985
2715.940 -0.354916 0.074497
2723.830 -0.433393 0.061528
2732.830 -0.274112 0.042532
2741.830 -0.450417 0.067508
2741.840 -0.415904 0.068368
2751.840 -0.338380 0.045307
2909.030 0.620837 0.113801
2913.100 0.594998 0.013697
2918.010 0.529677 0.011975
2930.960 0.293916 0.006814
2931.180 0.304848 0.006986
2934.160 0.409888 0.009682
2939.930 0.426252 0.008890
2948.130 0.342409 0.007413
2955.890 0.369450 0.008400
2964.030 0.204101 0.004604
2964.050 0.197951 0.004601
2983.810 0.192227 0.009461
2991.810 0.255929 0.012317
2991.820 0.257642 0.012311
2999.990 0.235505 0.011798
3009.010 -0.124681 0.006142
3009.020 -0.134584 0.006065
3017.830 -0.059922 0.003196
3035.930 -0.051221 0.002631
3053.830 -0.005675 0.000304
3053.840 -0.003671 0.000200
3061.820 -0.027162 0.000628
3061.830 -0.024869 0.000600
3070.820 0.198247 0.004952
3079.820 0.003764 0.000092
3079.830 0.005758 0.000145
3088.830 -0.062208 0.001595
3097.830 -0.073251 0.001790
3097.840 -0.073761 0.001851
3106.840 0.080767 0.001938
3116.830 0.213432 0.005298
3273.180 -0.320159 0.008611
3279.010 -0.298111 0.007694
3287.990 -0.227774 0.006316
3295.960 0.076244 0.002290
3300.170 0.018928 0.000542
3304.140 -0.055562 0.001455
3304.160 -0.061063 0.001581
3314.140 0.080922 0.002216
3323.090 0.111545 0.003058
3327.030 -0.035668 0.000997
3330.080 -0.160528 0.005619
3330.090 -0.168612 0.005592
3343.840 -0.403591 0.011965
3348.060 -0.344370 0.011096
3356.960 -0.359697 0.011377
3365.070 -0.270783 0.008385
3372.800 -0.223104 0.007234
3373.890 -0.323842 0.009002
3382.940 -0.380393 0.010703
3387.880 -0.334943 0.010063
3391.990 -0.331921 0.022725
3392.000 -0.322204 0.021210
3400.780 -0.370199 0.023198
3400.800 -0.337192 0.022853
3418.910 -0.401097 0.022810
3429.820 -0.212295 0.015019
3429.830 -0.224251 0.015306
3436.820 -0.228003 0.013024
3445.820 -0.174173 0.011697
3445.830 -0.200346 0.011904
3454.840 -0.002815 0.000109
3461.840 -0.111037 0.004820
3463.830 -0.151317 0.006799
3463.840 -0.162203 0.006073
402
0.030 56.719756 9.130847
0.050 64.408158 9.240208
13.140 54.225495 9.056948
27.010 67.355363 9.424128
27.020 49.020441 9.405959
50.180 59.517201 8.827855
51.880 56.816842 8.799134
51.890 54.950544 9.647052
59.020 66.631273 9.528326
105.820 66.626457 8.633183
117.940 65.402106 8.496110
130.870 49.756098 8.307351
130.880 50.383591 8.291640
157.850 47.251897 7.545146
157.870 44.100315 7.530855
166.850 44.798532 7.399681
184.850 44.155826 7.124299
184.870 47.562877 6.928544
347.090 30.648180 4.296295
347.100 23.418277 4.515215
356.030 33.445737 4.348364
356.050 21.988307 4.086291
363.030 27.680712 3.932302
363.050 25.656498 3.891135
366.010 30.463720 2.531357
366.020 29.079361 2.529839
373.980 25.433127 2.406918
373.990 25.635499 2.406210
379.990 22.406869 2.326532
380.000 25.681065 2.326041
393.960 24.789490 2.135850
399.130 20.979925 2.126153
399.140 24.576569 2.125748
408.920 17.946700 1.996213
408.930 20.683097 1.995629
419.890 19.662218 1.862132
426.060 16.656882 1.783228
426.070 15.832126 1.782660
434.060 17.391968 1.668549
434.070 15.157910 1.741345
443.810 17.608485 1.616244
443.820 15.834734 1.615932
451.980 13.193574 1.478259
451.990 14.019568 1.477916
462.810 13.866259 1.345645
462.820 13.253906 1.345503
470.780 12.398221 1.238043
470.800 16.093035 1.370788
478.890 11.162411 1.600540
478.910 13.468522 1.593630
497.000 7.255540 1.377834
497.010 8.933535 1.375589
500.920 10.280896 1.339880
505.850 8.266132 1.243606
514.850 6.702377 0.868040
523.850 6.057237 0.679014
523.870 5.136074 0.605381
525.820 5.190901 0.571396
535.880 3.721557 0.474504
535.890 3.335055 0.450229
550.870 1.468411 0.171106
550.880 1.242707 0.208451
567.820 -1.028063 0.144715
567.840 -1.050894 0.150045
718.030 -12.987405 2.801310
718.050 -19.236948 2.453809
719.130 -15.420908 2.464373
719.140 -17.271193 2.362877
722.030 -19.906527 2.393586
731.030 -25.066129 2.605030
731.050 -19.019491 2.601262
748.100 -24.482548 2.536571
748.120 -17.885294 2.821148
752.140 -20.665380 2.387838
756.140 -15.712261 2.381777
756.160 -20.153239 2.376228
765.010 -22.993822 2.365182
765.020 -22.676950 2.403343
775.130 -22.188231 2.439460
775.140 -26.532185 2.433816
782.090 -22.227638 2.602703
782.100 -24.750971 2.596587
791.060 -23.495830 2.604328
791.070 -17.498325 2.598253
802.820 -23.264301 2.515005
809.010 -24.016119 2.525925
809.020 -20.554882 2.520802
818.090 -22.876136 2.653726
818.100 -21.070027 2.648245
827.820 -21.499199 2.746228
844.910 -29.526765 2.740461
844.920 -23.571010 2.659583
853.880 -24.920645 2.634165
854.070 -26.408141 2.832748
854.090 -18.852001 2.826879
862.870 -26.078095 2.731701
862.880 -22.041244 2.726153
870.850 -22.463175 2.060612
880.000 -21.692924 2.373523
880.010 -21.522305 2.345198
897.930 -21.051320 2.296032
897.940 -17.704755 2.440730
907.850 -25.202507 2.412692
907.870 -25.974316 2.285515
920.890 -25.881918 2.243751
924.850 -22.341163 2.166856
924.870 -25.582357 2.164274
1100.010 0.273198 0.025892
1100.020 0.282003 0.025907
1101.000 0.487973 0.043191
1101.010 0.467215 0.043375
1113.960 2.911587 0.261454
1117.170 3.042354 0.315846
1117.180 3.660886 0.327434
1122.960 3.898612 0.431373
1123.930 5.247677 0.462192
1124.140 4.091769 0.470539
1129.160 5.322625 0.552713
1129.170 5.516136 0.547575
1138.920 5.663459 0.714400
1138.930 6.973376 0.752482
1147.100 7.711471 0.915901
1157.850 10.516415 0.979753
1164.840 10.914890 1.089727
1164.850 11.698483 1.091040
1172.810 13.654985 1.161773
1173.020 13.465752 1.165927
1173.030 14.312313 1.145664
1187.810 18.218968 1.363692
1187.820 15.069582 1.364357
1190.960 15.579711 1.408901
1190.980 15.444319 1.288057
1200.890 18.486810 1.401674
1200.910 16.543741 1.548845
1207.850 17.791672 1.642835
1209.090 20.161480 1.754755
1209.100 19.048150 1.755711
1226.870 22.326272 2.035063
1226.880 21.346612 2.036039
1236.810 25.553101 2.385267
1236.820 22.488525 2.386529
1244.910 23.842318 2.477045
1244.920 26.341916 2.478295
1253.850 22.703413 2.756735
1262.850 28.549879 2.923049
1262.870 32.444116 2.778781
1274.930 36.327380 2.988770
1274.940 26.592751 2.713822
1280.850 29.753986 2.833797
1280.870 30.401965 3.106375
1448.030 43.122098 4.991420
1448.050 51.268211 4.731975
1455.030 46.122108 4.763348
1455.050 49.858893 5.263939
1462.030 50.190175 5.288799
1462.050 47.714374 4.751516
1467.000 52.751637 4.760587
1469.980 49.599427 5.278585
1469.990 59.011112 5.283741
1473.990 51.315525 5.060805
1474.000 50.355975 5.345530
1494.140 44.388715 5.397710
1503.120 59.395283 5.159395
1503.130 51.243987 5.165022
1513.890 44.888272 5.284905
1513.910 55.033384 5.290797
1521.050 49.221991 4.920046
1521.060 53.661656 4.925257
1530.030 51.615635 5.057558
1530.050 43.369329 5.062825
1540.850 54.204201 4.766776
1569.820 41.949118 5.978726
1569.840 43.083901 7.333385
1584.820 46.144260 6.628739
1584.840 57.304041 6.642647
1600.880 57.616967 6.985708
1618.980 50.143461 6.757776
1618.990 43.705982 6.299788
1628.930 43.425769 6.190349
1628.940 40.516912 5.815062
1636.850 47.259884 5.708638
1636.870 50.599895 5.992645
1645.850 41.733367 5.891558
1645.870 42.873558 6.181254
1661.840 44.612941 6.024951
1661.850 34.272037 6.038667
1817.050 24.942089 2.930332
1817.060 24.490827 2.936880
1822.030 19.396236 2.932833
1822.050 18.033659 2.938883
1826.140 19.799580 2.949103
1831.000 23.179842 2.837799
1831.010 24.178614 2.598235
1839.990 19.273531 2.405884
1840.000 18.662555 2.455652
1844.200 19.335622 2.373690
1849.960 17.248073 1.997803
1852.160 15.485998 1.929152
1852.170 14.263501 1.924950
1868.940 13.661302 1.576586
1868.950 12.339803 1.573202
1878.070 13.601022 1.429734
1878.090 12.002638 1.426175
1887.090 11.555951 1.359513
1887.100 7.982478 1.356532
1905.980 7.443333 1.014642
1914.890 6.498719 0.833885
1914.910 4.849709 0.832225
1930.950 4.293256 0.542998
1930.960 3.813757 0.541762
1941.820 2.783975 0.350983
1957.870 1.100043 0.115701
1957.880 0.734066 0.135470
1966.850 0.129490 0.020186
1967.000 0.094055 0.016065
1975.850 -0.600743 0.100218
1984.850 -1.052617 0.254951
1984.870 -1.283189 0.254678
1993.850 -3.217112 0.393932
1993.870 -2.668510 0.393307
2002.870 -4.102314 0.766424
2002.880 -3.894896 0.760930
2020.850 -5.228640 1.123005
2020.870 -4.886083 1.120146
2175.050 -9.979785 2.052151
2175.060 -13.460101 2.046555
2178.070 -7.911098 2.044276
2183.030 -8.648766 2.025554
2183.050 -11.413453 1.956456
2193.010 -8.477610 1.911860
2202.000 -8.702162 1.886075
2202.010 -6.622243 1.881432
2204.980 -5.602567 1.855729
2204.990 -11.369005 1.851062
2208.930 -7.441125 1.817958
2208.940 -5.864082 1.813243
2215.010 -9.857248 1.725021
2215.020 -8.919052 1.899823
2218.120 -6.704239 1.855339
2225.070 -5.127376 1.754575
2234.100 -7.731648 1.623328
2234.120 -8.384584 1.618774
2243.130 -8.649387 1.482226
2243.140 -8.070849 1.478593
2261.060 -6.474099 0.998323
2270.050 -4.973800 0.872489
2270.060 -6.154268 0.870398
2272.050 -4.419366 0.839968
2278.840 -4.245308 0.725839
2278.850 -4.017955 0.724232
2287.960 -3.289788 0.617573
2287.980 -2.881484 0.616442
2296.950 -3.064045 0.540712
2296.960 -3.349922 0.539395
2307.850 -2.287155 0.332542
2307.870 -0.962077 0.331837
2314.890 -1.693964 0.264799
2314.910 -1.641025 0.264400
2323.820 -1.088517 0.186588
2323.850 -0.805068 0.185746
2323.870 -1.102021 0.200798
2331.850 -0.886888 0.134495
2340.850 -0.341767 0.068445
2349.850 0.143150 0.020260
2358.870 0.340135 0.079259
2367.850 0.416602 0.103609
2367.870 0.488339 0.104494
2376.850 0.882486 0.170846
2376.870 1.001269 0.221873
2385.850 0.415789 0.218283
2385.870 0.791648 0.217205
2540.070 -8.622766 2.420677
2548.130 -5.300181 2.631363
2548.140 -7.160277 2.625510
2549.060 -4.679569 2.641446
2549.070 -10.430328 2.634776
2552.030 -7.004163 2.709600
2552.050 -10.892703 2.196056
2561.010 -12.507250 2.358140
2561.020 -9.475281 2.353124
2576.940 -16.038573 2.719692
2576.950 -12.126414 2.713525
2578.160 -13.281171 2.736960
2578.170 -13.975369 2.730830
2583.160 -15.847671 2.856289
2583.170 -16.832276 2.850040
2590.140 -16.243969 3.854558
2601.180 -22.627277 4.192137
2608.000 -10.214941 4.342416
2608.010 -12.081221 4.332579
2617.050 -19.434300 4.625283
2617.060 -13.266848 4.614677
2625.050 -27.463407 8.416907
2625.060 -26.172580 8.028822
2630.920 -16.237474 8.269203
2631.100 -11.394604 8.980551
2633.850 -26.963102 9.119306
2643.030 -26.370286 8.696056
2651.960 -13.202839 9.172826
2651.980 -19.598234 9.313357
2688.000 -21.288784 10.952658
2688.010 0.057679 11.116285
2696.880 -32.927899 11.465795
2696.890 -21.731843 9.667499
2723.850 -33.643046 10.550393
2723.870 -22.949443 10.471101
2732.850 -23.592578 10.720765
2732.870 -15.120381 10.584800
2741.870 -39.273075 10.873554
2741.880 -61.088032 12.014840
2752.830 -41.061147 12.284267
2752.840 -18.598265 10.384201
2909.060 -43.469567 10.761894
2909.070 -43.907455 10.386446
2913.130 -33.665912 10.641885
2913.140 -43.884240 10.614211
2918.030 -38.336546 6.232064
2918.050 -34.575378 6.191160
2929.170 -29.537691 6.026006
2931.000 -35.654790 5.976446
2931.010 -29.580103 5.962869
2933.000 -20.027824 5.914292
2933.010 -23.623944 5.901151
2934.980 -32.203732 5.176877
2934.990 -23.570563 5.165939
2939.960 -44.135828 5.069022
2948.160 -33.813138 4.901089
2948.170 -35.924077 4.890417
2955.920 -32.914038 4.733149
2955.930 -28.155130 4.723098
2964.080 -27.278705 4.531045
2964.090 -32.081002 3.981097
2983.840 -19.353193 3.556612
2983.850 -25.491534 3.548750
2991.850 -23.861940 3.357954
3000.020 -25.138364 3.157260
3000.030 -21.648305 3.150709
3007.050 -18.655614 2.991721
3009.050 -21.892046 2.937058
3009.060 -20.964328 2.930823
3017.890 -13.808310 2.856333
3017.910 -15.048574 2.839290
3035.960 -17.836850 2.303155
3053.850 -10.443333 1.643796
3053.870 -12.915100 1.640732
3061.850 -9.709194 1.408697
3065.880 -9.752820 1.276853
3070.850 -7.165316 1.131927
3079.850 -6.377848 0.921299
3079.870 -6.535360 0.919137
3088.850 -4.985816 0.669382
3088.870 -4.655888 0.677206
3097.870 -3.873362 0.409544
3097.880 -3.055305 0.408328
3106.870 -1.278575 0.152067
3106.880 -1.214005 0.151280
3116.850 1.138713 0.130685
3116.870 0.869691 0.131450
3279.030 32.033702 3.576307
3279.050 28.364763 3.570123
3288.020 19.373628 3.496757
3288.030 33.159590 3.491312
3296.000 26.305356 3.570891
3296.010 29.644764 3.564905
3300.960 32.133227 3.455529
3304.930 25.458896 3.462329
3304.940 29.673028 3.463508
3314.170 24.340861 3.517065
3314.180 29.993579 2.923322
3330.100 32.697386 2.937264
3330.120 32.237367 2.938048
3337.030 30.100052 2.922185
3343.870 29.207010 2.929792
3343.880 29.362276 2.930603
3348.820 26.142937 2.936402
3348.830 28.438081 2.937437
3356.990 28.909256 2.936321
3357.000 26.211867 3.218917
3365.100 31.300655 3.219420
3366.920 29.639133 3.210542
3373.950 24.402424 3.188753
3373.960 33.405010 3.189933
3382.960 32.641487 3.140916
3382.980 29.065495 3.141716
3386.990 26.363229 3.127782
3392.030 32.923520 2.822061
3400.830 25.681619 2.770913
3400.840 24.482714 2.771803
3418.940 20.262684 3.982293
3418.950 19.793374 3.960063
3427.920 30.521870 3.460116
3429.920 29.152276 3.427614
3429.930 22.000339 3.451385
3436.850 19.077004 3.348875
3445.850 19.958627 3.183523
3451.890 20.663261 3.094488
3454.870 24.956723 3.058441
3454.880 24.962154 3.052591
3463.870 19.470798 2.905698
3463.880 21.272891 2.900134
3479.850 21.121222 2.509012
3481.850 22.876439 2.458041
