102.43 0.2991 2.49 20.16 0.1665 7.3676 412.0692
2
286
0.010 -0.310976 0.010031
13.120 -0.439539 0.013798
26.960 -0.447007 0.014211
26.980 -0.459945 0.014243
50.010 -0.404455 0.012903
51.850 -0.413387 0.013138
70.890 -0.302902 0.009069
105.780 -0.101341 0.003235
130.850 -0.057830 0.001984
157.820 -0.100338 0.003414
184.820 0.136282 0.001529
347.060 0.392054 0.004349
356.010 0.292460 0.003468
363.010 0.350474 0.004006
365.960 0.312781 0.003781
365.980 0.318205 0.003751
369.170 0.244744 0.002859
373.170 0.233976 0.002766
378.170 0.391682 0.004663
393.930 0.410392 0.004883
399.100 0.516735 0.009170
408.890 0.353001 0.006250
419.850 0.448332 0.007458
426.030 0.347163 0.005866
434.030 0.308476 0.005484
443.770 0.253591 0.004302
443.780 0.246218 0.005015
451.950 0.378887 0.007770
462.780 0.294787 0.005868
470.050 0.230606 0.004645
470.060 0.236865 0.002569
478.870 0.082875 0.001183
496.960 0.195301 0.002840
505.810 0.171366 0.002506
505.820 0.169498 0.002502
514.820 -0.060892 0.000908
523.820 -0.052921 0.000752
535.840 -0.055089 0.000832
535.850 -0.055805 0.000854
550.840 -0.007367 0.000114
566.820 -0.241004 0.003689
718.010 -0.227936 0.002578
719.100 -0.261869 0.003007
722.000 -0.228211 0.002637
722.010 -0.226573 0.002727
731.010 -0.187001 0.002268
739.960 -0.160749 0.002168
747.950 -0.206787 0.002807
752.100 -0.176091 0.002163
756.120 -0.161991 0.001998
764.960 -0.253775 0.002946
764.980 -0.256348 0.002967
775.100 -0.062567 0.000710
781.130 -0.048703 0.000566
782.060 -0.029779 0.000344
782.070 -0.032156 0.000371
791.030 -0.032044 0.000342
802.780 0.003083 0.000034
808.960 -0.011574 0.000125
808.980 -0.007102 0.000077
818.060 0.091863 0.001004
827.780 -0.180919 0.001941
844.880 -0.121356 0.001148
844.890 -0.119826 0.001127
854.030 0.107110 0.001032
854.050 0.114892 0.001115
862.840 0.128892 0.001264
870.820 0.060834 0.000585
879.940 -0.003418 0.000034
897.890 -0.109961 0.001095
907.820 -0.338469 0.003291
907.840 -0.337114 0.003281
920.820 -0.450446 0.006294
924.820 -0.506011 0.006896
1099.980 -0.031888 0.000436
1100.960 -0.010138 0.000149
1113.930 -0.078049 0.001195
1117.140 -0.013876 0.000225
1122.930 0.001868 0.000029
1129.130 0.108392 0.001389
1138.890 0.010352 0.000139
1147.060 0.117041 0.001670
1147.070 0.119633 0.001711
1157.810 0.099671 0.001395
1157.820 0.100471 0.001443
1164.810 0.167059 0.002287
1164.820 0.165970 0.002328
1172.990 0.156598 0.002146
1187.780 0.174241 0.002373
1190.940 0.135721 0.001873
1200.870 0.073798 0.001033
1200.880 0.073533 0.001007
1209.060 0.050840 0.003662
1226.850 0.134276 0.008249
1231.850 0.176277 0.012812
1235.990 0.299240 0.021553
1244.820 0.364402 0.024697
1253.820 0.288413 0.019670
1262.820 0.431732 0.038335
1262.840 0.449040 0.038093
1274.820 0.462086 0.036871
1280.820 0.498665 0.043140
1448.010 0.469056 0.015835
1455.010 0.439476 0.016216
1462.010 0.551542 0.017600
1465.960 0.506354 0.018226
1466.960 0.575271 0.019751
1469.170 0.632574 0.022449
1473.170 0.734438 0.032247
1494.100 0.725417 0.031521
1497.990 0.698728 0.030692
1503.090 0.624238 0.027084
1513.870 0.581877 0.013012
1521.020 0.439137 0.009752
1521.030 0.434648 0.009745
1530.010 0.350017 0.007725
1540.820 0.608697 0.013642
1569.780 0.531625 0.011707
1569.800 0.547406 0.011639
1584.800 0.293971 0.006250
1600.840 0.413869 0.008836
1600.850 0.391978 0.008855
1618.950 0.339786 0.003373
1628.820 0.206388 0.002147
1636.820 0.214062 0.002232
1645.820 0.198979 0.002097
1645.840 0.200338 0.002115
1817.020 0.122473 0.001226
1817.030 0.126182 0.001258
1822.010 0.315714 0.003363
1826.100 0.244323 0.002666
1830.960 0.300602 0.003031
1839.950 0.391303 0.005979
1839.960 0.385419 0.005935
1849.930 0.356179 0.005377
1852.130 0.280103 0.004323
1857.030 0.197517 0.002978
1860.140 0.246064 0.003699
1868.910 0.231143 0.003491
1871.120 0.213745 0.003157
1878.050 0.238933 0.003725
1878.060 0.241163 0.003709
1887.050 0.216071 0.002463
1887.060 0.218246 0.002515
1914.870 0.219705 0.002477
1930.920 0.347765 0.004095
1941.780 0.212219 0.002487
1941.800 0.214310 0.002534
1941.980 0.238186 0.002781
1957.820 0.206186 0.002427
1957.840 0.205673 0.002461
1966.820 0.083516 0.000969
1969.890 0.116378 0.001910
1975.820 0.149882 0.002251
1984.820 0.156713 0.002370
1986.890 0.113392 0.001750
1993.820 0.298923 0.004432
1993.840 0.296270 0.004465
2002.820 0.247459 0.003736
2002.840 0.243612 0.003627
2020.820 0.370204 0.005451
2175.020 0.519515 0.007655
2177.180 0.491203 0.005705
2183.010 0.637437 0.007335
2192.960 0.574709 0.006645
2192.980 0.580453 0.006635
2201.960 0.533216 0.006096
2204.170 0.520019 0.005892
2214.980 0.534566 0.006125
2224.990 0.436139 0.004998
2234.090 0.412902 0.004843
2243.090 0.398010 0.004687
2243.100 0.397304 0.007969
2261.030 0.396972 0.008291
2270.010 0.492213 0.010165
2270.020 0.513018 0.009894
2278.800 0.546512 0.010910
2278.810 0.552491 0.011480
2287.940 0.633752 0.013147
2296.920 0.456474 0.009907
2307.780 0.187261 0.004042
2307.800 0.190041 0.003759
2314.870 0.083881 0.002720
2323.820 0.051290 0.001730
2323.840 0.054866 0.001655
2331.820 -0.085330 0.002621
2340.820 -0.137106 0.004195
2349.820 -0.105519 0.003242
2358.820 -0.148627 0.004477
2367.820 -0.264021 0.007796
2376.820 -0.229107 0.007053
2385.820 -0.210306 0.006352
2385.840 -0.211024 0.002130
2540.030 -0.361376 0.003611
2548.100 -0.211799 0.002125
2549.030 -0.162009 0.001637
2552.010 -0.153873 0.001565
2560.980 -0.093269 0.000939
2575.160 -0.026318 0.000265
2578.130 -0.038921 0.000385
2583.130 0.033027 0.000324
2590.100 0.149347 0.001495
2599.140 0.148356 0.001525
2607.960 0.168348 0.001713
2617.020 0.002849 0.000029
2617.030 -0.000283 0.000003
2625.010 0.108018 0.001095
2625.020 0.104033 0.001057
2633.820 0.163041 0.001666
2643.000 0.109225 0.001133
2643.010 0.109243 0.001130
2651.940 -0.031755 0.000334
2687.960 -0.121094 0.009074
2696.840 -0.036784 0.002332
2696.850 -0.033553 0.002269
2715.940 -0.018764 0.001079
2723.830 -0.153017 0.008312
2732.830 0.124809 0.007293
2741.830 0.049786 0.002953
2741.840 0.046236 0.002673
2751.840 0.014804 0.000993
2909.030 0.389000 0.023770
2913.100 0.392433 0.003808
2918.010 0.343185 0.003316
2930.960 0.229774 0.002190
2931.180 0.250570 0.002470
2934.160 0.324287 0.003178
2939.930 0.264723 0.002583
2948.130 0.279187 0.002671
2955.890 0.233649 0.002297
2964.030 0.264921 0.002560
2964.050 0.261568 0.002507
2983.810 0.279038 0.004633
2991.810 0.219118 0.003714
2991.820 0.236697 0.003824
2999.990 0.101442 0.001790
3009.010 -0.037115 0.000613
3009.020 -0.040506 0.000681
3017.830 -0.099345 0.001932
3035.930 -0.196205 0.003963
3053.830 -0.135991 0.002701
3053.840 -0.132203 0.002719
3061.820 -0.215209 0.002191
3061.830 -0.219739 0.002243
3070.820 -0.219950 0.002248
3079.820 -0.290770 0.002959
3079.830 -0.294320 0.003058
3088.830 -0.216495 0.002218
3097.830 -0.271644 0.002789
3097.840 -0.273771 0.002800
3106.840 -0.114087 0.001132
3116.830 -0.024892 0.000260
3273.180 -0.281159 0.003078
3279.010 -0.192428 0.002144
3287.990 -0.139413 0.001553
3295.960 -0.020739 0.000236
3300.170 -0.050468 0.000579
3304.140 -0.004755 0.000051
3304.160 0.003306 0.000036
3314.140 -0.000984 0.000011
3323.090 -0.008620 0.000093
3327.030 0.004918 0.000054
3330.080 0.045809 0.000583
3330.090 0.043458 0.000561
3343.840 0.309758 0.003617
3348.060 0.427053 0.005340
3356.960 0.433915 0.005308
3365.070 0.462449 0.005691
3372.800 0.512857 0.006280
3373.890 0.518857 0.005742
3382.940 0.438684 0.004807
3387.880 0.469422 0.005462
3391.990 0.535453 0.013247
3392.000 0.534717 0.012209
3400.780 0.501282 0.011317
3400.800 0.506637 0.010989
3418.910 0.737410 0.016568
3429.820 0.815678 0.020177
3429.830 0.848209 0.020263
3436.820 0.727858 0.017361
3445.820 0.683202 0.015725
3445.830 0.689419 0.015445
3454.840 0.507917 0.007561
3461.840 0.448836 0.006818
3463.830 0.512727 0.007776
3463.840 0.515748 0.007271
402
0.030 3.041625 0.146901
0.050 2.997163 0.148591
13.140 1.924465 0.093807
27.010 1.549056 0.080429
27.020 1.414255 0.080276
50.180 1.153260 0.059970
51.880 1.028945 0.057747
51.890 1.146389 0.063129
59.020 1.113308 0.060672
105.820 0.422000 0.025370
117.940 0.324823 0.017967
130.870 0.189028 0.010593
130.880 0.208522 0.010568
157.850 -0.264544 0.014482
157.870 -0.271262 0.014463
166.850 -0.351857 0.017656
184.850 -0.395060 0.020326
184.870 -0.377730 0.019777
347.090 -1.122301 0.055562
347.100 -1.171532 0.058315
356.030 -1.296751 0.066795
356.050 -1.263924 0.062903
363.030 -1.290898 0.067222
363.050 -1.401677 0.066565
366.010 -1.369816 0.046369
366.020 -1.485817 0.046345
373.980 -1.567705 0.046944
373.990 -1.429838 0.046941
379.990 -1.427731 0.048899
380.000 -1.445317 0.048892
393.960 -1.324389 0.045559
399.130 -1.326090 0.046879
399.140 -1.329196 0.046872
408.920 -1.358922 0.046818
408.930 -1.382833 0.046819
419.890 -1.645813 0.054331
426.060 -1.471955 0.052019
426.070 -1.634653 0.052009
434.060 -1.488655 0.053752
434.070 -1.642458 0.055936
443.810 -1.703346 0.059866
443.820 -1.689378 0.059867
451.980 -1.834364 0.061539
451.990 -1.816081 0.061528
462.810 -1.762176 0.061924
462.820 -1.707950 0.061926
470.780 -1.813608 0.063739
470.800 -1.854739 0.070153
478.890 -1.948490 0.092668
478.910 -1.778275 0.092304
497.000 -2.177136 0.109358
497.010 -2.071592 0.109196
500.920 -1.889680 0.110320
505.850 -2.050477 0.107215
514.850 -2.074120 0.092511
523.850 -2.039975 0.097731
523.870 -2.246188 0.087663
525.820 -2.259307 0.087972
535.880 -2.021813 0.100779
535.890 -2.086041 0.095861
550.870 -2.243020 0.093089
550.880 -2.020758 0.112869
567.820 -2.123672 0.111629
567.840 -2.047922 0.115582
718.030 0.206397 0.010366
718.050 0.194790 0.009133
719.130 0.205564 0.009959
719.140 0.225376 0.009572
722.030 0.269006 0.012586
731.030 0.457779 0.022221
731.050 0.417392 0.022209
748.100 0.953831 0.040135
748.120 0.926432 0.044452
752.140 1.062503 0.038529
756.140 1.106753 0.042910
756.160 1.150201 0.042843
765.010 1.374974 0.050817
765.020 1.280044 0.051599
775.130 1.509659 0.058510
775.140 1.421641 0.058395
782.090 1.775122 0.073653
782.100 1.799040 0.073509
791.060 1.943206 0.080272
791.070 1.978739 0.080102
802.820 2.414222 0.088046
809.010 2.332348 0.091719
809.020 2.394528 0.091554
818.090 2.540042 0.104487
818.100 2.728447 0.104299
827.820 2.976589 0.116606
844.910 3.216700 0.123704
844.920 3.146896 0.120253
853.880 3.358082 0.129772
854.070 3.213380 0.139349
854.090 3.231667 0.139115
862.870 3.472407 0.148958
862.880 3.913226 0.148687
870.850 3.720076 0.118019
880.000 3.968791 0.138576
880.010 3.857144 0.137036
897.930 3.753850 0.140106
897.940 3.847969 0.148350
907.850 4.171495 0.151010
907.870 3.948177 0.143534
920.890 4.106317 0.143063
924.850 4.051866 0.139636
924.870 4.099722 0.139505
1100.010 4.588183 0.155224
1100.020 4.665203 0.155079
1101.000 4.685066 0.154717
1101.010 4.717549 0.154570
1113.960 4.560382 0.152404
1117.170 4.413872 0.151564
1117.180 4.062088 0.156570
1122.960 4.134055 0.154671
1123.930 4.440573 0.158569
1124.140 4.255811 0.159787
1129.160 4.321593 0.158788
1129.170 4.338314 0.157343
1138.920 4.431599 0.152784
1138.930 4.251496 0.160344
1147.100 4.443995 0.156341
1157.850 4.180463 0.134510
1164.840 4.072105 0.128854
1164.850 4.183872 0.128961
1172.810 3.992390 0.120146
1173.020 3.782072 0.120043
1173.030 4.113442 0.118123
1187.810 3.594559 0.107936
1187.820 3.531050 0.107962
1190.960 3.559185 0.106997
1190.980 3.589140 0.098682
1200.890 3.448332 0.095451
1200.910 3.505236 0.104399
1207.850 3.224461 0.099864
1209.090 3.294011 0.104788
1209.100 3.274987 0.104823
1226.870 2.984066 0.097044
1226.880 2.792225 0.097074
1236.810 3.009265 0.101076
1236.820 2.783575 0.101112
1244.910 2.876743 0.101679
1244.920 2.946210 0.101718
1253.850 2.734779 0.103248
1262.850 2.749945 0.097959
1262.870 2.641424 0.093418
1274.930 2.628820 0.094009
1274.940 2.732121 0.085987
1280.850 2.573963 0.082756
1280.870 2.586917 0.090072
1448.030 2.507872 0.085775
1448.050 2.740690 0.081635
1455.030 2.424913 0.083401
1455.050 2.468292 0.091526
1462.030 2.599599 0.092803
1462.050 2.492959 0.084021
1467.000 2.658161 0.086753
1469.980 2.507002 0.096411
1469.990 2.813267 0.096505
1473.990 2.819700 0.095452
1474.000 2.685697 0.100465
1494.140 3.017605 0.112911
1503.120 3.204193 0.108524
1503.130 3.020953 0.108633
1513.890 3.146132 0.110743
1513.910 3.114217 0.110845
1521.050 3.002872 0.102724
1521.060 3.077456 0.102829
1530.030 3.196758 0.104906
1530.050 3.085343 0.105018
1540.850 3.214500 0.103187
1569.820 3.465972 0.145019
1569.840 3.678472 0.176402
1584.820 3.325974 0.161459
1584.840 3.585346 0.161796
1600.880 3.587039 0.175751
1618.980 3.568238 0.184992
1618.990 3.659318 0.172905
1628.930 3.910268 0.172712
1628.940 3.774860 0.162669
1636.850 3.664241 0.162925
1636.870 3.440242 0.170695
1645.850 4.007842 0.173052
1645.870 3.798242 0.181242
1661.840 3.928666 0.191297
1661.850 3.780069 0.191718
1817.050 3.612767 0.171125
1817.060 3.873988 0.171501
1822.030 3.507938 0.174865
1822.050 3.571557 0.175247
1826.140 3.553941 0.182750
1831.000 3.320127 0.183699
1831.010 3.577538 0.168698
1839.990 3.582863 0.164907
1840.000 3.409617 0.168222
1844.200 3.511814 0.167812
1849.960 3.501397 0.146518
1852.160 3.352448 0.143295
1852.170 3.139477 0.143003
1868.940 2.905974 0.127633
1868.950 2.944359 0.127377
1878.070 2.856963 0.122556
1878.090 2.735840 0.122307
1887.090 2.929305 0.123990
1887.100 2.619784 0.123740
1905.980 2.333458 0.105878
1914.890 2.320473 0.102585
1914.910 2.329339 0.102370
1930.950 2.184615 0.097290
1930.960 2.120846 0.097094
1941.820 1.841922 0.090646
1957.870 1.563948 0.076547
1957.880 1.607470 0.089306
1966.850 1.689248 0.085266
1967.000 1.587699 0.085052
1975.850 1.412071 0.074001
1984.850 1.372351 0.071880
1984.870 1.330712 0.071751
1993.850 1.307881 0.066541
1993.870 1.083172 0.066417
2002.870 1.243026 0.098046
2002.880 1.577203 0.097320
2020.850 1.265370 0.090257
2020.870 1.143678 0.090024
2175.050 1.111260 0.073803
2175.060 1.073532 0.073613
2178.070 1.178225 0.072334
2183.030 0.991426 0.066983
2183.050 0.949229 0.064728
2193.010 1.069939 0.069492
2202.000 0.983373 0.068117
2202.010 0.983742 0.067948
2204.980 1.031495 0.067036
2204.990 1.004353 0.066870
2208.930 0.977815 0.065392
2208.940 0.960402 0.065229
2215.010 1.086544 0.065445
2215.020 0.955770 0.071980
2218.120 0.990168 0.075040
2225.070 0.827359 0.068707
2234.100 0.924723 0.065819
2234.120 0.807495 0.065645
2243.130 1.045261 0.064284
2243.140 0.944207 0.064125
2261.060 1.026224 0.060580
2270.050 0.938978 0.059822
2270.060 1.115240 0.059692
2272.050 0.958185 0.059321
2278.840 0.942273 0.066438
2278.850 1.084798 0.066313
2287.960 1.137627 0.070194
2287.980 1.126896 0.070071
2296.950 1.235532 0.082001
2296.960 1.376427 0.081829
2307.850 1.060059 0.070196
2307.870 0.925859 0.070037
2314.890 0.985199 0.064617
2314.910 1.078268 0.064477
2323.820 0.867000 0.060490
2323.850 0.897070 0.060367
2323.870 0.944623 0.065256
2331.850 0.819884 0.067798
2340.850 0.863325 0.061119
2349.850 0.922768 0.062132
2358.870 0.952475 0.068268
2367.850 0.927108 0.068877
2367.870 1.085908 0.068730
2376.850 1.036179 0.065667
2376.870 1.184703 0.084549
2385.850 1.040827 0.090941
2385.870 1.137995 0.090727
2540.070 1.088149 0.092411
2548.130 0.908182 0.073527
2548.140 0.776110 0.073335
2549.060 0.905952 0.072246
2549.070 0.801288 0.072063
2552.030 0.914870 0.072630
2552.050 0.808940 0.059034
2561.010 0.847100 0.064826
2561.020 0.981182 0.064673
2576.940 0.869153 0.058863
2576.950 1.010049 0.058724
2578.160 0.826288 0.058223
2578.170 0.901139 0.058088
2583.160 0.729198 0.053867
2583.170 0.845578 0.053733
2590.140 0.803406 0.066338
2601.180 0.750090 0.066535
2608.000 0.725226 0.059783
2608.010 0.625296 0.059632
2617.050 0.500866 0.040182
2617.060 0.482980 0.040058
2625.050 0.349456 0.045953
2625.060 0.238181 0.043857
2630.920 0.338778 0.044933
2631.100 0.442091 0.048555
2633.850 0.261904 0.043436
2643.030 0.304948 0.033906
2651.960 0.065113 0.007648
2651.980 0.079631 0.007692
2688.000 -0.494923 0.063183
2688.010 -0.453799 0.064139
2696.880 -0.563119 0.067043
2696.890 -0.405697 0.056574
2723.850 -0.534444 0.065105
2723.870 -0.576937 0.064664
2732.850 -0.534916 0.064596
2732.870 -0.435808 0.063710
2741.870 -0.342945 0.044341
2741.880 -0.443563 0.048979
2752.830 -0.470683 0.067245
2752.840 -0.612181 0.056914
2909.060 2.469160 0.215382
2909.070 2.062490 0.207966
2913.130 2.269590 0.222241
2913.140 2.225775 0.221683
2918.030 2.290374 0.135728
2918.050 2.106981 0.134890
2929.170 2.395543 0.135286
2931.000 2.062797 0.134125
2931.010 1.909311 0.133833
2933.000 2.327521 0.134517
2933.010 2.354259 0.134239
2934.980 2.317920 0.121934
2934.990 2.126408 0.121700
2939.960 2.261062 0.132047
2948.160 2.654377 0.139140
2948.170 2.422281 0.138865
2955.920 2.821057 0.145655
2955.930 2.675832 0.145372
2964.080 2.892507 0.149486
2964.090 2.819028 0.131926
2983.840 3.072983 0.145740
2983.850 2.961536 0.145450
2991.850 3.203698 0.148098
3000.020 3.379615 0.149468
3000.030 3.179132 0.149173
3007.050 3.078290 0.147380
3009.050 3.081354 0.145775
3009.060 2.904828 0.145490
3017.890 3.255595 0.152023
3017.910 3.287259 0.151193
3035.960 2.757536 0.146767
3053.850 2.946663 0.137880
3053.870 3.190315 0.137664
3061.850 2.997205 0.138017
3065.880 3.109267 0.135356
3070.850 2.821750 0.132750
3079.850 2.754448 0.128764
3079.870 2.817892 0.128544
3088.850 2.644597 0.124305
3088.870 2.663251 0.125762
3097.870 2.417446 0.125329
3097.880 2.802692 0.125120
3106.870 2.770130 0.121652
3106.880 2.750772 0.121461
3116.850 2.729669 0.122773
3116.870 2.596638 0.122576
3279.030 0.932547 0.040627
3279.050 1.019590 0.040550
3288.020 0.846813 0.039129
3288.030 0.867804 0.039071
3296.000 0.869099 0.040049
3296.010 0.877683 0.039992
3300.960 0.941619 0.039429
3304.930 0.959195 0.039119
3304.940 1.007467 0.039127
3314.170 0.935685 0.040480
3314.180 1.021787 0.034013
3330.100 0.845498 0.031389
3330.120 0.933127 0.031393
3337.030 0.933048 0.032136
3343.870 1.116844 0.037188
3343.880 1.154128 0.037206
3348.820 1.130189 0.039544
3348.830 1.096960 0.039562
3356.990 1.317472 0.045024
3357.000 1.338036 0.049069
3365.100 1.333266 0.048608
3366.920 1.302821 0.048585
3373.950 1.345992 0.051113
3373.960 1.428805 0.051133
3382.960 1.394562 0.051123
3382.980 1.296211 0.051132
3386.990 1.321842 0.049208
3392.030 1.286874 0.044533
3400.830 1.430121 0.047922
3400.840 1.386142 0.047940
3418.940 1.585179 0.081499
3418.950 1.703360 0.081062
3427.920 1.741444 0.075146
3429.920 1.604684 0.075508
3429.930 1.705295 0.076022
3436.850 1.691895 0.078543
3445.850 1.776829 0.074293
3451.890 1.547204 0.072011
3454.870 1.539213 0.071041
3454.880 1.594558 0.070907
3463.870 1.269841 0.063970
3463.880 1.316315 0.063851
3479.850 1.323607 0.062483
3481.850 1.303801 0.061870
