68.55 0.2834 2.13 21.75 0.1338 4.0146 139.2021
2
286
0.010 0.515460 0.057147
13.120 0.526285 0.074465
26.960 0.334848 0.051172
26.980 0.388060 0.051664
50.010 0.191653 0.019651
51.850 0.165984 0.020611
70.890 0.432429 0.052831
105.780 0.545968 0.064090
130.850 0.401102 0.052589
157.820 0.371636 0.043834
184.820 0.320032 0.013559
347.060 -0.565433 0.019908
356.010 -0.449804 0.018412
363.010 -0.400199 0.016903
365.960 -0.344774 0.015535
365.980 -0.349398 0.015349
369.170 -0.316693 0.014082
373.170 -0.362729 0.015153
378.170 -0.293011 0.013138
393.930 -0.103795 0.004664
399.100 -0.147192 0.011337
408.890 -0.156655 0.011511
419.850 -0.356256 0.022980
426.030 -0.428534 0.026673
434.030 -0.394089 0.030790
443.770 -0.228731 0.020272
443.780 -0.280337 0.024242
451.950 -0.263134 0.025358
462.780 -0.382264 0.032401
470.050 -0.411424 0.033363
470.060 -0.391207 0.015458
478.870 -0.532932 0.026602
496.960 -0.324221 0.019068
505.810 -0.239685 0.013421
505.820 -0.236381 0.013377
514.820 -0.213864 0.013077
523.820 -0.159691 0.008683
535.840 -0.115286 0.007111
535.850 -0.118948 0.007062
550.840 -0.042393 0.002762
566.820 -0.121370 0.006903
718.010 -0.808683 0.032911
719.100 -0.788870 0.032862
722.000 -0.758792 0.031914
722.010 -0.792900 0.033900
731.010 -0.567228 0.024997
739.960 -0.491374 0.026778
747.950 -0.560733 0.025654
752.100 -0.534145 0.024399
756.120 -0.598474 0.026482
764.960 -0.403247 0.016854
764.980 -0.424680 0.016773
775.100 -0.289897 0.012182
781.130 -0.283699 0.011862
782.060 -0.280570 0.011618
782.070 -0.278906 0.011608
791.030 -0.268488 0.009735
802.780 -0.283252 0.010663
808.960 -0.306800 0.011935
808.980 -0.311331 0.011910
818.060 -0.314060 0.011065
827.780 -0.330717 0.012917
844.880 -0.241639 0.007017
844.890 -0.247698 0.007138
854.030 -0.300550 0.009214
854.050 -0.292478 0.009262
862.840 -0.410948 0.012234
870.820 -0.670240 0.019820
879.940 -0.535484 0.016106
897.890 -0.417061 0.013081
907.820 -0.282470 0.008601
907.840 -0.266043 0.008649
920.820 -0.372977 0.019116
924.820 -0.412711 0.020551
1099.980 -0.555270 0.029045
1100.960 -0.582328 0.032219
1113.930 -0.919937 0.052727
1117.140 -0.938536 0.061310
1122.930 -0.952524 0.056307
1129.130 -0.938061 0.043891
1138.890 -0.461431 0.023472
1147.060 -0.435828 0.023256
1147.070 -0.444525 0.023613
1157.810 -0.390154 0.020333
1157.820 -0.330229 0.020475
1164.810 -0.209426 0.010076
1164.820 -0.182098 0.010008
1172.990 -0.124920 0.006534
1187.780 -0.060375 0.003230
1190.940 -0.006139 0.000305
1200.870 0.069968 0.004133
1200.880 0.079160 0.004158
1209.060 0.090048 0.029983
1226.850 0.277347 0.079474
1231.850 0.267108 0.072146
1235.990 0.346340 0.063620
1244.820 0.101382 0.072621
1253.820 0.122381 0.035948
1262.820 0.198593 0.098323
1262.840 0.267707 0.093847
1274.820 0.123747 0.120587
1280.820 0.909080 0.180104
1448.010 -0.134816 0.021472
1455.010 -0.091813 0.019077
1462.010 -0.062480 0.009645
1465.960 -0.011952 0.002847
1466.960 0.038156 0.007685
1469.170 0.192912 0.024662
1473.170 0.277118 0.046446
1494.100 0.107059 0.019998
1497.990 0.275865 0.043190
1503.090 0.276648 0.052445
1513.870 0.355845 0.032387
1521.020 0.270562 0.027390
1521.030 0.314106 0.028166
1530.010 0.584800 0.047778
1540.820 0.492102 0.047555
1569.780 0.640697 0.051606
1569.800 0.523713 0.051777
1584.800 0.585628 0.058861
1600.840 0.680711 0.052254
1600.850 0.544519 0.051834
1618.950 0.253760 0.008441
1628.820 0.322233 0.011718
1636.820 0.326376 0.011572
1645.820 0.342354 0.012370
1645.840 0.377903 0.012772
1817.020 0.364577 0.011312
1817.030 0.342823 0.011296
1822.010 0.269588 0.009671
1826.100 0.241363 0.008164
1830.960 0.077609 0.002505
1839.950 0.046250 0.002722
1839.960 0.053180 0.002974
1849.930 -0.075388 0.004286
1852.130 -0.076199 0.004346
1857.030 -0.053198 0.003197
1860.140 0.013567 0.000851
1868.910 -0.087028 0.004527
1871.120 -0.082104 0.004813
1878.050 -0.229172 0.012843
1878.060 -0.211859 0.012938
1887.050 -0.143544 0.005599
1887.060 -0.134473 0.005633
1914.870 0.043606 0.001716
1930.920 -0.113385 0.004273
1941.780 0.083150 0.003450
1941.800 0.085828 0.003791
1941.980 0.077654 0.003475
1957.820 0.330059 0.014259
1957.840 0.335382 0.014099
1966.820 0.511388 0.020872
1969.890 0.466656 0.030353
1975.820 0.295438 0.018163
1984.820 0.258032 0.015156
1986.890 0.334822 0.018045
1993.820 0.298590 0.017135
1993.840 0.290240 0.017284
2002.820 0.264315 0.015872
2002.840 0.282082 0.015903
2020.820 0.161646 0.009495
2175.020 -0.430635 0.025785
2177.180 -0.439417 0.018882
2183.010 -0.451391 0.018336
2192.960 -0.394786 0.015919
2192.980 -0.389257 0.015824
2201.960 -0.373171 0.016249
2204.170 -0.339523 0.013332
2214.980 -0.118349 0.004957
2224.990 -0.149479 0.005798
2234.090 -0.101748 0.004249
2243.090 -0.140310 0.005834
2243.100 -0.140034 0.010859
2261.030 -0.200609 0.019680
2270.010 -0.011540 0.001218
2270.020 -0.014125 0.001249
2278.800 0.075839 0.005849
2278.810 0.067602 0.005789
2287.940 0.000726 0.000069
2296.920 -0.065977 0.006040
2307.780 -0.247888 0.020366
2307.800 -0.200211 0.017275
2314.870 -0.236427 0.042326
2323.820 -0.317110 0.037595
2323.840 -0.267531 0.033495
2331.820 -0.279395 0.042802
2340.820 -0.394034 0.053800
2349.820 -0.261675 0.035472
2358.820 -0.097495 0.016020
2367.820 0.159485 0.017081
2376.820 0.084538 0.010497
2385.820 0.043061 0.005738
2385.840 0.032401 0.001191
2540.030 0.089608 0.003189
2548.100 0.149154 0.004646
2549.030 0.165900 0.005622
2552.010 0.119651 0.004105
2560.980 0.238331 0.007938
2575.160 0.283059 0.009213
2578.130 0.366269 0.011857
2583.130 0.341914 0.010789
2590.100 0.204456 0.006490
2599.140 0.083049 0.002777
2607.960 -0.060361 0.002095
2617.020 -0.013863 0.000469
2617.030 -0.012499 0.000436
2625.010 -0.069921 0.002357
2625.020 -0.070429 0.002352
2633.820 -0.165516 0.005837
2643.000 -0.049218 0.001740
2643.010 -0.052079 0.001729
2651.940 0.062546 0.002190
2687.960 0.212022 0.060976
2696.840 0.095193 0.030746
2696.850 0.091785 0.031303
2715.940 -0.043909 0.010036
2723.830 -0.084813 0.017937
2732.830 -0.021699 0.004999
2741.830 -0.080231 0.029758
2741.840 -0.159796 0.030590
2751.840 -0.106327 0.031629
2909.030 0.397045 0.137891
2913.100 0.716866 0.021891
2918.010 0.635212 0.019718
2930.960 0.611214 0.019640
2931.180 0.614608 0.019439
2934.160 0.609915 0.019725
2939.930 0.635526 0.019128
2948.130 0.532045 0.015609
2955.890 0.412989 0.011873
2964.030 0.586077 0.018462
2964.050 0.602145 0.018063
2983.810 0.471998 0.034436
2991.810 0.569933 0.040552
2991.820 0.597022 0.039853
2999.990 0.738207 0.048043
3009.010 0.674912 0.045414
3009.020 0.681834 0.045254
3017.830 0.513079 0.037846
3035.930 0.395524 0.031035
3053.830 0.418606 0.035723
3053.840 0.464161 0.035363
3061.820 0.579898 0.019426
3061.830 0.583490 0.019507
3070.820 0.476309 0.016221
3079.820 0.589059 0.020206
3079.830 0.630683 0.021061
3088.830 0.559704 0.020013
3097.830 0.549006 0.017701
3097.840 0.528121 0.017883
3106.840 0.770937 0.025490
3116.830 0.918692 0.032841
3273.180 1.375815 0.051027
3279.010 1.336802 0.051030
3287.990 1.236477 0.046757
3295.960 1.001086 0.039442
3300.170 0.855941 0.034874
3304.140 0.815413 0.030454
3304.160 0.831856 0.030515
3314.140 0.838461 0.030447
3323.090 0.580562 0.021953
3327.030 0.486287 0.019495
3330.080 0.560391 0.026468
3330.090 0.593343 0.026562
3343.840 0.548613 0.023541
3348.060 0.526527 0.024397
3356.960 0.555418 0.023623
3365.070 0.483618 0.022333
3372.800 0.700927 0.028855
3373.890 0.639368 0.024057
3382.940 0.817400 0.031221
3387.880 1.000568 0.042018
3391.990 0.961552 0.107374
3392.000 1.204514 0.098685
3400.780 0.853584 0.090265
3400.800 1.040927 0.089051
3418.910 0.974651 0.085657
3429.820 0.553014 0.059736
3429.830 0.531446 0.060006
3436.820 0.434376 0.038761
3445.820 0.568706 0.042645
3445.830 0.522758 0.042116
3454.840 0.419205 0.024536
3461.840 0.375771 0.023542
3463.830 0.404802 0.022006
3463.840 0.377531 0.020318
402
0.030 1.317696 0.262097
0.050 0.899681 0.265235
13.140 1.366318 0.271747
27.010 1.084365 0.297950
27.020 0.928211 0.297302
50.180 0.795245 0.169045
51.880 0.833912 0.166041
51.890 0.793304 0.182126
59.020 1.035203 0.187141
105.820 0.506493 0.089744
117.940 0.213830 0.042821
130.870 0.053483 0.012431
130.880 0.052123 0.012354
157.850 -0.215725 0.075675
157.870 -0.359940 0.075722
166.850 -0.751707 0.117074
184.850 -0.590581 0.138509
184.870 -0.780426 0.134684
347.090 -1.690815 0.264082
347.100 -1.216110 0.277629
356.030 -0.902562 0.251602
356.050 -1.008711 0.236278
363.030 -1.269955 0.221626
363.050 -1.125615 0.219285
366.010 -0.889109 0.141561
366.020 -0.950026 0.141458
373.980 -0.818192 0.121660
373.990 -0.732832 0.121633
379.990 -0.833954 0.119601
380.000 -1.032547 0.119556
393.960 -0.579143 0.087969
399.130 -0.492574 0.072687
399.140 -0.629272 0.072665
408.920 -0.678220 0.086865
408.930 -0.487949 0.086849
419.890 -0.791869 0.092022
426.060 -0.648578 0.108238
426.070 -0.807081 0.108269
434.060 -0.767089 0.119927
434.070 -0.965990 0.125243
443.810 -0.659545 0.131752
443.820 -0.817404 0.131712
451.980 -0.825472 0.130969
451.990 -1.089704 0.130966
462.810 -1.119248 0.147330
462.820 -0.955118 0.147346
470.780 -1.189207 0.167612
470.800 -1.115532 0.185921
478.890 -1.192576 0.268309
478.910 -1.515270 0.267274
497.000 -1.375647 0.327219
497.010 -1.810071 0.326708
500.920 -0.925985 0.342650
505.850 -1.376608 0.353112
514.850 -1.805795 0.260369
523.850 -2.129437 0.298505
523.870 -2.115644 0.266080
525.820 -1.989533 0.263444
535.880 -1.806730 0.288423
535.890 -1.377448 0.273650
550.870 -1.507575 0.247363
550.880 -1.669200 0.302624
567.820 -2.271991 0.336969
567.840 -2.403070 0.349297
718.030 -1.531803 0.387176
718.050 -2.035279 0.338920
719.130 -1.729233 0.337854
719.140 -2.021054 0.323804
722.030 -1.936115 0.323641
731.030 -0.994337 0.313215
731.050 -1.884837 0.312735
748.100 -1.338406 0.254832
748.120 -1.862963 0.283633
752.140 -1.367830 0.234451
756.140 -1.102560 0.229863
756.160 -1.370215 0.229314
765.010 -1.467905 0.210204
765.020 -1.118723 0.213567
775.130 -0.937150 0.162350
775.140 -0.995740 0.161928
782.090 -1.021016 0.146997
782.100 -0.695382 0.146626
791.060 -0.557271 0.122308
791.070 -0.977419 0.122006
802.820 -0.693985 0.106471
809.010 -0.500186 0.082013
809.020 -0.619292 0.081803
818.090 -0.520114 0.074486
818.100 -0.458142 0.074324
827.820 -0.436176 0.062567
844.910 -0.179322 0.030828
844.920 -0.152408 0.029877
853.880 -0.104898 0.020064
854.070 -0.103376 0.021958
854.090 -0.117911 0.021952
862.870 -0.260980 0.034000
862.880 -0.157146 0.033948
870.850 -0.398568 0.045904
880.000 -0.504165 0.072052
880.010 -0.534351 0.071149
897.930 -0.578236 0.078384
897.940 -0.598302 0.083382
907.850 -0.616884 0.083821
907.870 -0.470742 0.079376
920.890 -0.856879 0.117913
924.850 -1.024647 0.123884
924.870 -0.841270 0.123795
1100.010 0.002415 0.000337
1100.020 0.001790 0.000324
1101.000 -0.005257 0.000744
1101.010 -0.004519 0.000751
1113.960 -0.102202 0.012530
1117.170 -0.163992 0.020108
1117.180 -0.154150 0.020859
1122.960 -0.214748 0.031446
1123.930 -0.172081 0.030378
1124.140 -0.261130 0.029945
1129.160 -0.013595 0.001844
1129.170 -0.011722 0.001788
1138.920 0.432812 0.055991
1138.930 0.403434 0.059055
1147.100 0.629409 0.096080
1157.850 0.955323 0.104018
1164.840 0.693348 0.131449
1164.850 1.041819 0.131621
1172.810 1.180622 0.152466
1173.020 1.097047 0.152958
1173.030 1.190770 0.150258
1187.810 1.694215 0.185112
1187.820 1.718245 0.185200
1190.960 1.460648 0.191194
1190.980 1.490829 0.174515
1200.890 1.544928 0.197092
1200.910 1.760799 0.218126
1207.850 2.120327 0.225399
1209.090 2.036242 0.240063
1209.100 1.857337 0.240169
1226.870 2.259849 0.276692
1226.880 2.261727 0.276797
1236.810 2.239242 0.281016
1236.820 1.647724 0.281120
1244.910 1.540366 0.261417
1244.920 1.711041 0.261508
1253.850 1.582007 0.258747
1262.850 1.320018 0.224272
1262.870 1.793666 0.213065
1274.930 1.167948 0.195567
1274.940 1.481398 0.177334
1280.850 1.464419 0.176660
1280.870 1.028045 0.193889
1448.030 0.715316 0.151229
1448.050 0.947331 0.143224
1455.030 0.970886 0.129194
1455.050 0.930576 0.142933
1462.030 1.042430 0.149602
1462.050 0.889852 0.134229
1467.000 0.831286 0.134381
1469.980 0.787014 0.154032
1469.990 1.033200 0.154216
1473.990 0.895925 0.163893
1474.000 1.189623 0.173264
1494.140 0.701189 0.142840
1503.120 0.965434 0.150803
1503.130 1.028183 0.150969
1513.890 1.187437 0.160989
1513.910 1.110556 0.161164
1521.050 0.813731 0.140313
1521.060 1.261826 0.140447
1530.030 1.015065 0.163838
1530.050 1.388220 0.164095
1540.850 1.376460 0.158665
1569.820 1.006121 0.171223
1569.840 0.760212 0.210369
1584.820 0.665866 0.191693
1584.840 0.931350 0.192153
1600.880 0.568841 0.192772
1618.980 0.501497 0.156133
1618.990 0.606510 0.145461
1628.930 0.617005 0.145467
1628.940 0.823608 0.136625
1636.850 0.736332 0.134113
1636.870 0.647828 0.140879
1645.850 0.855714 0.154398
1645.870 0.751419 0.162037
1661.840 0.788476 0.162345
1661.850 0.663525 0.162732
1817.050 1.016408 0.142368
1817.060 0.705825 0.142762
1822.030 0.706316 0.173623
1822.050 0.868979 0.174013
1826.140 0.577067 0.175090
1831.000 0.958672 0.169923
1831.010 0.636821 0.155470
1839.990 0.663095 0.126330
1840.000 0.556006 0.128996
1844.200 0.787594 0.132633
1849.960 0.431128 0.099643
1852.160 0.638036 0.094230
1852.170 0.544456 0.094027
1868.940 0.578228 0.093042
1868.950 0.620977 0.092817
1878.070 0.255963 0.060689
1878.090 0.423047 0.060477
1887.090 0.251936 0.049763
1887.100 0.248654 0.049660
1905.980 0.144770 0.026552
1914.890 0.206881 0.035408
1914.910 0.214621 0.035341
1930.950 0.042601 0.008806
1930.960 0.028208 0.008754
1941.820 -0.028382 0.004315
1957.870 0.139487 0.026920
1957.880 0.086475 0.031636
1966.850 0.148876 0.028368
1967.000 0.141493 0.028419
1975.850 -0.015224 0.002307
1984.850 -0.135335 0.038670
1984.870 -0.208296 0.038657
1993.850 -0.267348 0.045532
1993.870 -0.176606 0.045449
2002.870 -0.257655 0.100325
2002.880 -0.348491 0.099652
2020.850 -0.467927 0.166073
2020.870 -0.574242 0.165715
2175.050 -1.020130 0.255811
2175.060 -1.024573 0.255210
2178.070 -0.989862 0.269275
2183.030 -1.443172 0.278916
2183.050 -0.441885 0.269438
2193.010 -1.203057 0.266089
2202.000 -0.573086 0.222888
2202.010 -0.756945 0.222325
2204.980 -0.951165 0.214113
2204.990 -0.758283 0.213533
2208.930 -0.742203 0.191248
2208.940 -1.070849 0.190722
2215.010 -0.134888 0.146132
2215.020 -0.555715 0.160928
2218.120 -0.733853 0.140945
2225.070 -0.417666 0.090059
2234.100 -0.241356 0.077032
2234.120 -0.335403 0.076770
2243.130 -0.325348 0.101524
2243.140 -0.488777 0.101280
2261.060 -0.251783 0.057040
2270.050 -0.089612 0.022798
2270.060 -0.065689 0.022668
2272.050 -0.064109 0.011186
2278.840 -0.009557 0.002907
2278.850 -0.013793 0.002835
2287.960 0.058381 0.014510
2287.980 0.079322 0.014422
2296.950 0.011861 0.005693
2296.960 0.032271 0.005711
2307.850 -0.216738 0.050747
2307.870 -0.241451 0.050712
2314.890 -0.243753 0.064538
2314.910 -0.194392 0.064457
2323.820 -0.209552 0.073502
2323.850 -0.346791 0.073380
2323.870 -0.430533 0.079481
2331.850 -0.171716 0.056806
2340.850 -0.310671 0.095678
2349.850 -0.176999 0.079760
2358.870 -0.050962 0.024297
2367.850 0.091820 0.045354
2367.870 0.076970 0.045471
2376.850 0.381276 0.103323
2376.870 0.148930 0.133474
2385.850 0.149058 0.061083
2385.870 0.244732 0.060887
2540.070 0.262296 0.097111
2548.130 0.290106 0.102616
2548.140 0.317887 0.102377
2549.060 0.385828 0.103738
2549.070 0.237151 0.103504
2552.030 0.442505 0.108128
2552.050 0.250489 0.087543
2561.010 0.415705 0.084259
2561.020 0.211064 0.084122
2576.940 0.421601 0.082210
2576.950 0.314694 0.082048
2578.160 0.360385 0.085481
2578.170 0.248183 0.085314
2583.160 0.154306 0.104509
2583.170 0.335087 0.104285
2590.140 0.373922 0.093575
2601.180 0.004701 0.001476
2608.000 -0.071455 0.030836
2608.010 -0.100624 0.030829
2617.050 -0.008802 0.005988
2617.060 -0.015380 0.005944
2625.050 -0.019144 0.007030
2625.060 0.001037 0.006650
2630.920 -0.020799 0.029183
2631.100 0.007911 0.033218
2633.850 -0.005685 0.050806
2643.030 -0.009253 0.006979
2651.960 0.183404 0.087947
2651.980 0.140075 0.089545
2688.000 0.666787 0.359367
2688.010 0.569601 0.364778
2696.880 0.255726 0.418867
2696.890 -0.231917 0.353053
2723.850 0.894618 0.307886
2723.870 0.969942 0.305603
2732.850 0.844280 0.389390
2732.870 0.936709 0.384451
2741.870 0.484773 0.403661
2741.880 0.552365 0.446043
2752.830 0.799820 0.454724
2752.840 0.412118 0.384383
2909.060 1.992624 0.748402
2909.070 2.076051 0.722314
2913.130 1.056035 0.768789
2913.140 1.839618 0.766936
2918.030 1.909226 0.504052
2918.050 1.895980 0.500935
2929.170 1.899933 0.486793
2931.000 1.187398 0.491148
2931.010 2.179771 0.490088
2933.000 1.907649 0.494332
2933.010 1.792097 0.493259
2934.980 1.974497 0.439428
2934.990 1.156889 0.438514
2939.960 2.261954 0.449130
2948.160 2.328262 0.439388
2948.170 1.886016 0.438455
2955.920 1.503881 0.435413
2955.930 2.068358 0.434506
2964.080 2.155571 0.442622
2964.090 1.963459 0.388677
2983.840 2.083587 0.441270
2983.850 2.770710 0.440380
2991.850 2.254585 0.450657
3000.020 2.164527 0.469461
3000.030 2.631797 0.468521
3007.050 3.392781 0.492338
3009.050 2.712033 0.491636
3009.060 3.225168 0.490640
3017.890 2.306176 0.495907
3017.910 2.377575 0.493074
3035.960 2.260739 0.487220
3053.850 2.532604 0.471996
3053.870 2.388013 0.471176
3061.850 2.899345 0.488582
3065.880 2.882087 0.500903
3070.850 2.024363 0.509570
3079.850 2.975477 0.494410
3079.870 3.687352 0.493637
3088.850 3.332025 0.500716
3088.870 3.257191 0.506951
3097.870 3.496738 0.518728
3097.880 2.617011 0.517852
3106.870 2.829076 0.573840
3106.880 2.248393 0.572929
3116.850 3.033948 0.598270
3116.870 2.696802 0.597321
3279.030 1.971972 0.555428
3279.050 2.826820 0.554458
3288.020 3.153178 0.485991
3288.030 2.653945 0.485121
3296.000 2.061417 0.438022
3296.010 2.200376 0.437245
3300.960 2.111992 0.379340
3304.930 1.982626 0.347828
3304.940 1.704868 0.347860
3314.170 1.651205 0.303053
3314.180 1.369390 0.251424
3330.100 1.201375 0.181397
3330.120 1.214394 0.181381
3337.030 0.969737 0.161195
3343.870 1.011369 0.145348
3343.880 0.842393 0.145410
3348.820 1.062888 0.141864
3348.830 0.867247 0.141877
3356.990 0.815874 0.127927
3357.000 0.939644 0.140339
3365.100 0.717606 0.111487
3366.920 0.572992 0.110749
3373.950 0.628789 0.120111
3373.960 0.895356 0.120154
3382.960 0.847406 0.112238
3382.980 0.668378 0.112292
3386.990 0.835399 0.125057
3392.030 0.846105 0.134793
3400.830 1.156373 0.134453
3400.840 1.033826 0.134490
3418.940 0.732825 0.185663
3418.950 1.041304 0.184593
3427.920 0.613320 0.119144
3429.920 0.554910 0.110890
3429.930 0.565278 0.111642
3436.850 0.464721 0.085379
3445.850 0.444084 0.068844
3451.890 0.215088 0.067069
3454.870 0.253338 0.068026
3454.880 0.352983 0.067908
3463.870 0.294244 0.063367
3463.880 0.181970 0.063239
3479.850 0.101959 0.018106
3481.850 0.109112 0.017707
