157.34 0.0321 1.27 20.75 0.2556 9.5358 342.7530
2
286
0.010 0.005896 0.000345
13.120 0.013277 0.000660
26.960 0.007273 0.000376
26.980 0.006756 0.000378
50.010 0.015777 0.000897
51.850 0.010917 0.000563
70.890 0.007341 0.000419
105.780 -0.008168 0.000525
130.850 0.011983 0.000724
157.820 0.002853 0.000174
184.820 -0.001343 0.000023
347.060 -0.021110 0.000370
356.010 -0.000032 0.000001
363.010 0.009796 0.000183
365.960 0.002835 0.000052
365.980 0.003545 0.000066
369.170 -0.000008 0.000000
373.170 0.005173 0.000098
378.170 -0.011068 0.000205
393.930 -0.007986 0.000152
399.100 0.010839 0.000325
408.890 0.011294 0.000343
419.850 0.031560 0.000870
426.030 0.006183 0.000173
434.030 0.001769 0.000053
443.770 0.007059 0.000207
443.780 0.007476 0.000256
451.950 0.021661 0.000771
462.780 0.015396 0.000524
470.050 0.030317 0.001013
470.060 0.030478 0.000525
478.870 0.037049 0.000880
496.960 0.027442 0.000630
505.810 0.027126 0.000662
505.820 0.027968 0.000644
514.820 0.026926 0.000620
523.820 0.010963 0.000257
535.840 0.004302 0.000106
535.850 0.003842 0.000096
550.840 0.012593 0.000317
566.820 0.006400 0.000164
718.010 -0.062851 0.001097
719.100 -0.059334 0.001066
722.000 -0.059589 0.001099
722.010 -0.059291 0.001151
731.010 -0.048176 0.000945
739.960 -0.046831 0.001039
747.950 -0.055709 0.001226
752.100 -0.059511 0.001221
756.120 -0.067344 0.001306
764.960 -0.074752 0.001387
764.980 -0.077750 0.001380
775.100 -0.083695 0.001514
781.130 -0.088733 0.001598
782.060 -0.090319 0.001641
782.070 -0.093704 0.001651
791.030 -0.096404 0.001590
802.780 -0.099319 0.001685
808.960 -0.105012 0.001749
808.980 -0.104705 0.001756
818.060 -0.095253 0.001615
827.780 -0.095333 0.001622
844.880 -0.076312 0.001049
844.890 -0.075836 0.001052
854.030 -0.069865 0.001013
854.050 -0.071670 0.001011
862.840 -0.061305 0.000862
870.820 -0.044476 0.000636
879.940 -0.042662 0.000647
897.890 -0.031957 0.000469
907.820 -0.054467 0.000793
907.840 -0.054948 0.000794
920.820 -0.064579 0.001483
924.820 -0.067606 0.001525
1099.980 -0.029942 0.000684
1100.960 -0.024613 0.000594
1113.930 -0.007570 0.000192
1117.140 -0.005667 0.000147
1122.930 0.005889 0.000155
1129.130 0.016990 0.000351
1138.890 0.014990 0.000320
1147.060 0.013422 0.000302
1147.070 0.014018 0.000320
1157.810 0.007908 0.000184
1157.820 0.008064 0.000183
1164.810 0.008119 0.000179
1164.820 0.007747 0.000172
1172.990 0.003288 0.000073
1187.780 0.001523 0.000034
1190.940 -0.005985 0.000128
1200.870 -0.003150 0.000071
1200.880 -0.003167 0.000067
1209.060 -0.005511 0.000655
1226.850 -0.030363 0.002884
1231.850 -0.019911 0.003148
1235.990 -0.030199 0.003732
1244.820 -0.036064 0.003795
1253.820 -0.025628 0.003330
1262.820 -0.024427 0.003327
1262.840 -0.020064 0.003345
1274.820 -0.042236 0.005403
1280.820 -0.027944 0.004509
1448.010 -0.064834 0.003718
1455.010 -0.069522 0.004437
1462.010 -0.063991 0.003855
1465.960 -0.070754 0.004584
1466.960 -0.066222 0.004244
1469.170 -0.066088 0.003923
1473.170 -0.055264 0.004174
1494.100 -0.032590 0.002189
1497.990 -0.018784 0.001311
1503.090 -0.014441 0.001016
1513.870 0.013996 0.000526
1521.020 0.019480 0.000732
1521.030 0.019119 0.000718
1530.010 0.023511 0.000916
1540.820 0.019727 0.000702
1569.780 0.038170 0.001391
1569.800 0.035421 0.001369
1584.800 0.049085 0.001688
1600.840 0.062768 0.002303
1600.850 0.066233 0.002277
1618.950 0.057114 0.000830
1628.820 0.057279 0.000923
1636.820 0.037365 0.000582
1645.820 0.055514 0.000910
1645.840 0.056473 0.000919
1817.020 0.032582 0.000503
1817.030 0.033983 0.000507
1822.010 0.032861 0.000528
1826.100 0.031845 0.000523
1830.960 0.025426 0.000390
1839.950 0.030670 0.000772
1839.960 0.031579 0.000775
1849.930 0.035567 0.000885
1852.130 0.038337 0.000922
1857.030 0.028256 0.000718
1860.140 0.017626 0.000426
1868.910 0.033821 0.000845
1871.120 0.027982 0.000722
1878.050 0.021071 0.000532
1878.060 0.021040 0.000520
1887.050 0.008396 0.000145
1887.060 0.008226 0.000148
1914.870 -0.000003 0.000000
1930.920 -0.010945 0.000200
1941.780 -0.035581 0.000637
1941.800 -0.034131 0.000641
1941.980 -0.034003 0.000637
1957.820 -0.041290 0.000742
1957.840 -0.040381 0.000754
1966.820 -0.047775 0.000871
1969.890 -0.039762 0.001086
1975.820 -0.029420 0.000714
1984.820 -0.030921 0.000728
1986.890 -0.029045 0.000709
1993.820 -0.026618 0.000685
1993.840 -0.028564 0.000702
2002.820 -0.044797 0.001121
2002.840 -0.044672 0.001131
2020.820 -0.068306 0.001666
2175.020 -0.100201 0.002361
2177.180 -0.095297 0.001686
2183.010 -0.103312 0.001821
2192.960 -0.090827 0.001620
2192.980 -0.089722 0.001614
2201.960 -0.090073 0.001642
2204.170 -0.093057 0.001593
2214.980 -0.074088 0.001318
2224.990 -0.082893 0.001469
2234.090 -0.067328 0.001260
2243.090 -0.062838 0.001151
2243.100 -0.061451 0.002117
2261.030 -0.090159 0.003205
2270.010 -0.093302 0.003237
2270.020 -0.097941 0.003155
2278.800 -0.091915 0.002965
2278.810 -0.099426 0.003132
2287.940 -0.095402 0.003320
2296.920 -0.099825 0.003638
2307.780 -0.094017 0.003423
2307.800 -0.089831 0.003009
2314.870 -0.087572 0.004590
2323.820 -0.089683 0.005122
2323.840 -0.097001 0.004619
2331.820 -0.107460 0.005129
2340.820 -0.090140 0.004616
2349.820 -0.085337 0.004465
2358.820 -0.076546 0.003938
2367.820 -0.085434 0.004306
2376.820 -0.078956 0.004024
2385.820 -0.082278 0.004425
2385.840 -0.082551 0.001273
2540.030 -0.069294 0.001070
2548.100 -0.078559 0.001195
2549.030 -0.077880 0.001205
2552.010 -0.077116 0.001167
2560.980 -0.066796 0.001034
2575.160 -0.075421 0.001142
2578.130 -0.081876 0.001290
2583.130 -0.073037 0.001115
2590.100 -0.084404 0.001239
2599.140 -0.075068 0.001144
2607.960 -0.064088 0.001032
2617.020 -0.064355 0.000992
2617.030 -0.064032 0.000984
2625.010 -0.050772 0.000786
2625.020 -0.052307 0.000804
2633.820 -0.044240 0.000692
2643.000 -0.049060 0.000794
2643.010 -0.052044 0.000793
2651.940 -0.029819 0.000473
2687.960 -0.018507 0.002298
2696.840 -0.013015 0.001456
2696.850 -0.013771 0.001430
2715.940 -0.003544 0.000383
2723.830 -0.001294 0.000164
2732.830 0.003330 0.000308
2741.830 -0.011398 0.001080
2741.840 -0.007557 0.001052
2751.840 -0.002187 0.000269
2909.030 0.051785 0.005816
2913.100 0.061631 0.000888
2918.010 0.045981 0.000660
2930.960 0.023229 0.000335
2931.180 0.020199 0.000301
2934.160 0.026632 0.000399
2939.930 0.023273 0.000328
2948.130 0.026928 0.000373
2955.890 0.024186 0.000347
2964.030 0.028137 0.000406
2964.050 0.028264 0.000408
2983.810 -0.001308 0.000036
2991.810 0.003242 0.000096
2991.820 0.003353 0.000095
2999.990 0.004770 0.000135
3009.010 0.010675 0.000298
3009.020 0.010706 0.000303
3017.830 0.013938 0.000476
3035.930 -0.001316 0.000042
3053.830 -0.012251 0.000398
3053.840 -0.011798 0.000391
3061.820 -0.011484 0.000179
3061.830 -0.011868 0.000181
3070.820 -0.015303 0.000234
3079.820 -0.004580 0.000069
3079.830 -0.004995 0.000080
3088.830 -0.016689 0.000269
3097.830 -0.011090 0.000167
3097.840 -0.010606 0.000166
3106.840 -0.010122 0.000152
3116.830 -0.007572 0.000121
3273.180 -0.028423 0.000490
3279.010 -0.026649 0.000450
3287.990 -0.026578 0.000459
3295.960 -0.019550 0.000356
3300.170 -0.022106 0.000411
3304.140 -0.021908 0.000365
3304.160 -0.021016 0.000358
3314.140 -0.014757 0.000251
3323.090 -0.005692 0.000094
3327.030 -0.014355 0.000249
3330.080 -0.019342 0.000392
3330.090 -0.019529 0.000391
3343.840 -0.010251 0.000186
3348.060 -0.008782 0.000171
3356.960 -0.004456 0.000091
3365.070 -0.009924 0.000193
3372.800 -0.007980 0.000154
3373.890 -0.009871 0.000170
3382.940 -0.004264 0.000074
3387.880 -0.017590 0.000318
3391.990 -0.011590 0.000471
3392.000 -0.011134 0.000430
3400.780 -0.015511 0.000569
3400.800 -0.014652 0.000564
3418.910 -0.008015 0.000315
3429.820 -0.021166 0.000832
3429.830 -0.022348 0.000846
3436.820 -0.021719 0.000837
3445.820 -0.019374 0.000739
3445.830 -0.019023 0.000719
3454.840 -0.011766 0.000293
3461.840 -0.013606 0.000335
3463.830 -0.012265 0.000306
3463.840 -0.011761 0.000282
402
0.030 0.017968 0.001640
0.050 0.020707 0.001659
13.140 0.017816 0.001661
27.010 0.021045 0.001698
27.020 0.015539 0.001695
50.180 0.008999 0.000832
51.880 0.005680 0.000513
51.890 0.004966 0.000560
59.020 0.000061 0.000006
105.820 -0.050394 0.005313
117.940 -0.072058 0.006425
130.870 -0.083756 0.006656
130.880 -0.076291 0.006644
157.850 -0.093833 0.008769
157.870 -0.100100 0.008756
166.850 -0.115261 0.010882
184.850 -0.177827 0.014222
184.870 -0.161203 0.013839
347.090 -0.490609 0.040607
347.100 -0.431148 0.042655
356.030 -0.508771 0.044781
356.050 -0.459491 0.042119
363.030 -0.473470 0.042424
363.050 -0.470914 0.041983
366.010 -0.464905 0.028077
366.020 -0.494627 0.028062
373.980 -0.521386 0.028741
373.990 -0.540297 0.028737
379.990 -0.482792 0.029538
380.000 -0.522356 0.029535
393.960 -0.597958 0.031362
399.130 -0.475815 0.032765
399.140 -0.665612 0.032761
408.920 -0.540023 0.032799
408.930 -0.644785 0.032795
419.890 -0.566676 0.033237
426.060 -0.652315 0.033422
426.070 -0.586445 0.033419
434.060 -0.511931 0.034716
434.070 -0.589628 0.036194
443.810 -0.608698 0.037592
443.820 -0.642685 0.037588
451.980 -0.658109 0.038018
451.990 -0.671640 0.038014
462.810 -0.684103 0.038130
462.820 -0.679563 0.038127
470.780 -0.640720 0.038696
470.800 -0.627697 0.042757
478.890 -0.666676 0.053711
478.910 -0.697212 0.053483
497.000 -0.547247 0.059718
497.010 -0.580391 0.059629
500.920 -0.664963 0.062200
505.850 -0.627853 0.062821
514.850 -0.729111 0.052227
523.850 -0.781945 0.052930
523.870 -0.676182 0.047319
525.820 -0.675148 0.047362
535.880 -0.728288 0.054682
535.890 -0.679139 0.051945
550.870 -0.676106 0.051992
550.880 -0.784642 0.063338
567.820 -0.764542 0.063426
567.840 -0.773870 0.065714
718.030 -0.681193 0.060161
718.050 -0.677198 0.052788
719.130 -0.667464 0.052625
719.140 -0.657834 0.050481
722.030 -0.643162 0.050083
731.030 -0.556809 0.050754
731.050 -0.661769 0.050679
748.100 -0.575990 0.043682
748.120 -0.663770 0.048503
752.140 -0.544196 0.040420
756.140 -0.624112 0.039714
756.160 -0.567898 0.039621
765.010 -0.556749 0.037976
765.020 -0.570307 0.038576
775.130 -0.606451 0.038194
775.140 -0.603022 0.038106
782.090 -0.594808 0.039778
782.100 -0.585590 0.039687
791.060 -0.574722 0.038516
791.070 -0.494960 0.038428
802.820 -0.587787 0.036131
809.010 -0.540866 0.035672
809.020 -0.568428 0.035600
818.090 -0.514186 0.036238
818.100 -0.543428 0.036164
827.820 -0.511335 0.036407
844.910 -0.507232 0.034008
844.920 -0.455540 0.033022
853.880 -0.433661 0.031500
854.070 -0.495132 0.033789
854.090 -0.459765 0.033719
862.870 -0.460198 0.031444
862.880 -0.461997 0.031381
870.850 -0.448170 0.023160
880.000 -0.423159 0.024901
880.010 -0.409078 0.024610
897.930 -0.423384 0.022936
897.940 -0.379466 0.024342
907.850 -0.344305 0.023593
907.870 -0.349830 0.022378
920.890 -0.403770 0.022896
924.850 -0.394121 0.022184
924.870 -0.377324 0.022161
1100.010 -0.074850 0.004055
1100.020 -0.068296 0.004051
1101.000 -0.071388 0.003989
1101.010 -0.066285 0.003984
1113.960 -0.044927 0.002411
1117.170 -0.034594 0.001900
1117.180 -0.033040 0.001964
1122.960 -0.018551 0.001098
1123.930 -0.014004 0.000964
1124.140 -0.016221 0.000935
1129.160 0.000042 0.000002
1129.170 0.000066 0.000004
1138.920 0.032331 0.001857
1138.930 0.029548 0.001955
1147.100 0.045485 0.002784
1157.850 0.069066 0.003516
1164.840 0.065429 0.003918
1164.850 0.074787 0.003922
1172.810 0.080019 0.004284
1173.020 0.084744 0.004298
1173.030 0.079396 0.004226
1187.810 0.100574 0.005085
1187.820 0.099658 0.005088
1190.960 0.114496 0.005466
1190.980 0.108305 0.005016
1200.890 0.125590 0.005792
1200.910 0.125529 0.006376
1207.850 0.128881 0.007016
1209.090 0.140317 0.007435
1209.100 0.137276 0.007438
1226.870 0.162452 0.008691
1226.880 0.143022 0.008694
1236.810 0.158569 0.009739
1236.820 0.177386 0.009743
1244.910 0.174510 0.009749
1244.920 0.171076 0.009753
1253.850 0.179108 0.010964
1262.850 0.205512 0.012045
1262.870 0.165297 0.011466
1274.930 0.191184 0.012070
1274.940 0.195475 0.010991
1280.850 0.216107 0.011126
1280.870 0.190833 0.012163
1448.030 0.107387 0.006671
1448.050 0.112393 0.006331
1455.030 0.101868 0.005451
1455.050 0.091524 0.006005
1462.030 0.091763 0.004901
1462.050 0.083403 0.004412
1467.000 0.070072 0.003640
1469.980 0.067110 0.003589
1469.990 0.062776 0.003591
1473.990 0.048965 0.002843
1474.000 0.048584 0.002997
1494.140 0.025016 0.001587
1503.120 0.008056 0.000465
1503.130 0.008082 0.000464
1513.890 -0.009210 0.000546
1513.910 -0.010097 0.000548
1521.050 -0.017489 0.001029
1521.060 -0.018167 0.001031
1530.030 -0.042285 0.002376
1530.050 -0.038002 0.002382
1540.850 -0.075369 0.004147
1569.820 -0.217349 0.012802
1569.840 -0.181459 0.015658
1584.820 -0.241106 0.017799
1584.840 -0.250871 0.017843
1600.880 -0.279893 0.023917
1618.980 -0.394026 0.028913
1618.990 -0.365727 0.026983
1628.930 -0.390349 0.031093
1628.940 -0.411436 0.029242
1636.850 -0.395388 0.031818
1636.870 -0.510423 0.033383
1645.850 -0.501652 0.036905
1645.870 -0.469098 0.038701
1661.840 -0.533059 0.043107
1661.850 -0.561028 0.043208
1817.050 -0.958233 0.080951
1817.060 -1.035400 0.081137
1822.030 -1.025702 0.085697
1822.050 -1.016482 0.085899
1826.140 -1.024724 0.090270
1831.000 -1.156597 0.091465
1831.010 -1.010500 0.083843
1839.990 -0.899094 0.085575
1840.000 -0.975732 0.087340
1844.200 -1.171476 0.088134
1849.960 -0.977706 0.078929
1852.160 -1.069282 0.078615
1852.170 -1.098763 0.078457
1868.940 -1.180314 0.080361
1868.950 -1.189304 0.080202
1878.070 -1.068021 0.080521
1878.090 -1.109408 0.080361
1887.090 -1.080229 0.087026
1887.100 -1.213588 0.086854
1905.980 -1.290842 0.089256
1914.890 -1.171654 0.089354
1914.910 -1.101743 0.089178
1930.950 -1.169243 0.089302
1930.960 -1.125166 0.089126
1941.820 -1.395225 0.090091
1957.870 -1.202122 0.091667
1957.880 -1.239164 0.107328
1966.850 -1.130214 0.107262
1967.000 -1.231181 0.107070
1975.850 -1.388759 0.106985
1984.850 -1.221365 0.105431
1984.870 -1.235056 0.105230
1993.850 -1.248821 0.104201
1993.870 -1.172260 0.104004
2002.870 -1.169807 0.144585
2002.880 -1.386255 0.143501
2020.850 -1.140261 0.144810
2020.870 -1.174164 0.144437
2175.050 -0.814259 0.113812
2175.060 -0.976201 0.113515
2178.070 -0.666848 0.111490
2183.030 -1.105387 0.108675
2183.050 -0.872968 0.104998
2193.010 -0.809491 0.101724
2202.000 -0.798857 0.097689
2202.010 -0.782037 0.097443
2204.980 -0.678776 0.096095
2204.990 -0.841865 0.095854
2208.930 -0.936666 0.094198
2208.940 -0.855183 0.093962
2215.010 -0.706013 0.091081
2215.020 -0.729106 0.100261
2218.120 -0.643345 0.098303
2225.070 -0.766492 0.094482
2234.100 -0.683145 0.091293
2234.120 -0.705354 0.091065
2243.130 -0.716762 0.086522
2243.140 -0.670923 0.086307
2261.060 -0.595529 0.067103
2270.050 -0.572383 0.064612
2270.060 -0.615752 0.064468
2272.050 -0.744043 0.063849
2278.840 -0.644680 0.061701
2278.850 -0.616132 0.061572
2287.960 -0.584728 0.058122
2287.980 -0.526405 0.057996
2296.950 -0.557990 0.060636
2296.960 -0.597182 0.060510
2307.850 -0.391088 0.056660
2307.870 -0.490740 0.056538
2314.890 -0.433895 0.053341
2314.910 -0.534353 0.053224
2323.820 -0.479230 0.048930
2323.850 -0.445998 0.048820
2323.870 -0.337636 0.052816
2331.850 -0.414405 0.050060
2340.850 -0.414627 0.047301
2349.850 -0.326191 0.042787
2358.870 -0.367374 0.038919
2367.850 -0.305655 0.034975
2367.870 -0.305301 0.034897
2376.850 -0.295017 0.031386
2376.870 -0.286964 0.040485
2385.850 -0.202812 0.034704
2385.870 -0.229102 0.034608
2540.070 0.105385 0.013527
2548.130 0.135754 0.015778
2548.140 0.111665 0.015741
2549.060 0.102414 0.015821
2549.070 0.107317 0.015783
2552.030 0.122720 0.015913
2552.050 0.119927 0.012905
2561.010 0.123005 0.013147
2561.020 0.098824 0.013116
2576.940 0.099107 0.014546
2576.950 0.125494 0.014512
2578.160 0.114686 0.014416
2578.170 0.130059 0.014383
2583.160 0.122153 0.013950
2583.170 0.127611 0.013917
2590.140 0.133154 0.017170
2601.180 0.096088 0.017657
2608.000 0.175522 0.018311
2608.010 0.109297 0.018271
2617.050 0.155529 0.019240
2617.060 0.099924 0.019196
2625.050 0.095767 0.032539
2625.060 0.163367 0.031041
2630.920 0.123104 0.031841
2631.100 0.120647 0.034608
2633.850 0.093934 0.035178
2643.030 0.114075 0.032675
2651.960 0.129956 0.031509
2651.980 0.145532 0.031981
2688.000 0.132247 0.032145
2688.010 0.180662 0.032619
2696.880 0.132301 0.029836
2696.890 0.097448 0.025162
2723.850 0.118996 0.021740
2723.870 0.101328 0.021573
2732.850 0.122816 0.020650
2732.870 0.105737 0.020385
2741.870 0.127862 0.019000
2741.880 0.068482 0.020986
2752.830 0.066083 0.015990
2752.840 0.093558 0.013519
2909.060 -0.019118 0.004885
2909.070 -0.028160 0.004717
2913.130 -0.036276 0.005940
2913.140 -0.028924 0.005928
2918.030 -0.042740 0.004359
2918.050 -0.040073 0.004334
2929.170 -0.061435 0.007064
2931.000 -0.069932 0.007542
2931.010 -0.083328 0.007528
2933.000 -0.073769 0.007896
2933.010 -0.075339 0.007880
2934.980 -0.084065 0.007235
2934.990 -0.072399 0.007221
2939.960 -0.072322 0.007797
2948.160 -0.087349 0.008370
2948.170 -0.067507 0.008353
2955.920 -0.091841 0.008650
2955.930 -0.097908 0.008632
2964.080 -0.094992 0.008868
2964.090 -0.111450 0.007805
2983.840 -0.123223 0.009847
2983.850 -0.125727 0.009828
2991.850 -0.126277 0.010101
3000.020 -0.123870 0.009766
3000.030 -0.111117 0.009746
3007.050 -0.120789 0.009466
3009.050 -0.130960 0.009376
3009.060 -0.115144 0.009357
3017.890 -0.133564 0.009867
3017.910 -0.111123 0.009813
3035.960 -0.089642 0.008564
3053.850 -0.113739 0.009878
3053.870 -0.137468 0.009862
3061.850 -0.131497 0.010256
3065.880 -0.135615 0.010283
3070.850 -0.128253 0.010179
3079.850 -0.144112 0.010167
3079.870 -0.136149 0.010149
3088.850 -0.106590 0.009445
3088.870 -0.131546 0.009559
3097.870 -0.109368 0.009784
3097.880 -0.125040 0.009768
3106.870 -0.116702 0.009103
3106.880 -0.110521 0.009088
3116.850 -0.111322 0.008721
3116.870 -0.107163 0.008705
3279.030 -0.028998 0.002118
3279.050 -0.031007 0.002113
3288.020 -0.021538 0.001431
3288.030 -0.018676 0.001428
3296.000 -0.006729 0.000623
3296.010 -0.009117 0.000620
3300.960 0.003276 0.000237
3304.930 0.010208 0.000687
3304.940 0.008448 0.000688
3314.170 0.015101 0.000965
3314.180 0.014916 0.000806
3330.100 0.039754 0.002318
3330.120 0.040522 0.002320
3337.030 0.042323 0.002444
3343.870 0.046256 0.002700
3343.880 0.046433 0.002702
3348.820 0.052292 0.003170
3348.830 0.054541 0.003172
3356.990 0.062207 0.003823
3357.000 0.062188 0.004182
3365.100 0.079089 0.004844
3366.920 0.073501 0.004857
3373.950 0.078702 0.005093
3373.960 0.087618 0.005096
3382.960 0.083698 0.005777
3382.980 0.080457 0.005780
3386.990 0.098984 0.006019
3392.030 0.099570 0.005746
3400.830 0.094925 0.005925
3400.840 0.094674 0.005928
3418.940 0.111601 0.010569
3418.950 0.119556 0.010511
3427.920 0.145368 0.010215
3429.920 0.142902 0.010341
3429.930 0.142292 0.010414
3436.850 0.126074 0.010510
3445.850 0.137557 0.010649
3451.890 0.139991 0.011089
3454.870 0.149108 0.011445
3454.880 0.140774 0.011425
3463.870 0.131769 0.012454
3463.880 0.137849 0.012432
3479.850 0.159442 0.012771
3481.850 0.170056 0.012840
