175.35 0.3549 3.53 21.21 0.0315 2.8542 212.2723
2
286
0.010 -0.211058 0.017653
13.120 -0.312256 0.024935
26.960 -0.304762 0.027095
26.980 -0.295681 0.027163
50.010 -0.196138 0.015629
51.850 -0.171788 0.012975
70.890 -0.141148 0.011089
105.780 -0.089569 0.007649
130.850 -0.051426 0.004493
157.820 0.242898 0.018825
184.820 0.375961 0.009732
347.060 0.339025 0.008641
356.010 0.422749 0.011581
363.010 0.582028 0.015161
365.960 0.603214 0.016451
365.980 0.626042 0.016712
369.170 0.607469 0.016029
373.170 0.573082 0.015594
378.170 0.505559 0.013576
393.930 0.391774 0.010413
399.100 0.381621 0.017241
408.890 0.340235 0.016222
419.850 0.446443 0.019357
426.030 0.609293 0.024021
434.030 0.566785 0.023728
443.770 0.505860 0.021755
443.780 0.507975 0.026006
451.950 0.588177 0.028869
462.780 0.646647 0.030154
470.050 0.567698 0.029307
470.060 0.594452 0.014145
478.870 0.650793 0.022355
496.960 0.608872 0.021033
505.810 0.540302 0.019749
505.820 0.564452 0.019646
514.820 0.499493 0.017574
523.820 0.532861 0.018978
535.840 0.527967 0.019268
535.850 0.533852 0.019277
550.840 0.392684 0.014832
566.820 0.529458 0.018992
718.010 -0.039188 0.001041
719.100 -0.077577 0.002032
722.000 -0.051876 0.001384
722.010 -0.053794 0.001509
731.010 -0.198651 0.005309
739.960 -0.208652 0.007017
747.950 -0.200461 0.006710
752.100 -0.143794 0.004101
756.120 -0.138177 0.004023
764.960 -0.104497 0.002699
764.980 -0.104077 0.002659
775.100 -0.059787 0.001646
781.130 -0.131230 0.003379
782.060 -0.146969 0.003751
782.070 -0.143235 0.003823
791.030 -0.160702 0.003651
802.780 -0.200436 0.004733
808.960 -0.169917 0.004034
808.980 -0.165364 0.004018
818.060 -0.240280 0.005681
827.780 -0.245523 0.005927
844.880 -0.253393 0.005027
844.890 -0.264926 0.005015
854.030 -0.312646 0.006077
854.050 -0.311772 0.006135
862.840 -0.277892 0.005597
870.820 -0.268628 0.005432
879.940 -0.320320 0.006493
897.890 -0.142913 0.003019
907.820 -0.200385 0.004199
907.840 -0.210869 0.004244
920.820 -0.196537 0.006781
924.820 -0.154241 0.004939
1099.980 -0.240088 0.008797
1100.960 -0.236981 0.008508
1113.930 -0.395416 0.014060
1117.140 -0.415690 0.015470
1122.930 -0.411664 0.015472
1129.130 -0.351504 0.010507
1138.890 -0.382434 0.011494
1147.060 -0.429760 0.014843
1147.070 -0.439995 0.014984
1157.810 -0.466937 0.016286
1157.820 -0.460560 0.016046
1164.810 -0.461548 0.014691
1164.820 -0.419840 0.014657
1172.990 -0.507455 0.017163
1187.780 -0.320679 0.010648
1190.940 -0.321370 0.010715
1200.870 -0.300927 0.009221
1200.880 -0.289787 0.009216
1209.060 -0.334999 0.048065
1226.850 -0.434061 0.062717
1231.850 -0.371374 0.061559
1235.990 -0.240774 0.057855
1244.820 -0.261262 0.049378
1253.820 -0.177735 0.051900
1262.820 -0.317646 0.054814
1262.840 -0.165256 0.055139
1274.820 -0.096851 0.025092
1280.820 -0.166025 0.033354
1448.010 0.031191 0.002830
1455.010 0.043985 0.003718
1462.010 0.091837 0.007760
1465.960 0.120660 0.012485
1466.960 0.176212 0.015547
1469.170 0.144462 0.012981
1473.170 0.069132 0.006775
1494.100 0.125307 0.012634
1497.990 0.193646 0.018609
1503.090 0.108075 0.011569
1513.870 0.228945 0.012174
1521.020 0.165127 0.009711
1521.030 0.176355 0.009874
1530.010 0.173355 0.009485
1540.820 0.050505 0.002999
1569.780 0.029035 0.001654
1569.800 0.028104 0.001615
1584.800 0.081337 0.004641
1600.840 0.095319 0.004953
1600.850 0.090794 0.004870
1618.950 -0.093094 0.001939
1628.820 -0.000037 0.000001
1636.820 0.069245 0.001567
1645.820 0.145608 0.003266
1645.840 0.144450 0.003311
1817.020 0.461313 0.009897
1817.030 0.466166 0.009902
1822.010 0.443146 0.010590
1826.100 0.476315 0.011445
1830.960 0.438327 0.009422
1839.950 0.570877 0.019759
1839.960 0.545381 0.019777
1849.930 0.384982 0.014705
1852.130 0.426259 0.015254
1857.030 0.480340 0.018202
1860.140 0.447132 0.016417
1868.910 0.431322 0.015261
1871.120 0.384838 0.014092
1878.050 0.419987 0.016103
1878.060 0.436177 0.016079
1887.050 0.516765 0.013416
1887.060 0.520186 0.013450
1914.870 0.386491 0.010517
1930.920 0.437465 0.011338
1941.780 0.276358 0.007517
1941.800 0.294784 0.007697
1941.980 0.317624 0.008141
1957.820 0.193390 0.004894
1957.840 0.185299 0.004911
1966.820 0.183803 0.004787
1969.890 0.183804 0.006822
1975.820 0.215984 0.007640
1984.820 0.280178 0.010272
1986.890 0.293517 0.010313
1993.820 0.162044 0.005913
1993.840 0.163789 0.005943
2002.820 0.191474 0.006597
2002.840 0.181428 0.006664
2020.820 0.115961 0.004304
2175.020 -0.108707 0.003775
2177.180 -0.059720 0.001594
2183.010 -0.063918 0.001653
2192.960 -0.098427 0.002530
2192.980 -0.104832 0.002591
2201.960 -0.203038 0.005167
2204.170 -0.253503 0.006456
2214.980 -0.399518 0.010197
2224.990 -0.323904 0.008369
2234.090 -0.355572 0.009585
2243.090 -0.466312 0.012059
2243.100 -0.493813 0.023051
2261.030 -0.481770 0.024998
2270.010 -0.518001 0.025727
2270.020 -0.530467 0.024832
2278.800 -0.526697 0.025012
2278.810 -0.513157 0.026342
2287.940 -0.535648 0.029241
2296.920 -0.566350 0.032504
2307.780 -0.578387 0.032167
2307.800 -0.601676 0.028017
2314.870 -0.521107 0.044734
2323.820 -0.495292 0.042195
2323.840 -0.500982 0.038120
2331.820 -0.589063 0.041125
2340.820 -0.530970 0.041041
2349.820 -0.571097 0.046455
2358.820 -0.490318 0.042579
2367.820 -0.510128 0.034765
2376.820 -0.458141 0.037562
2385.820 -0.658520 0.051528
2385.840 -0.632001 0.013846
2540.030 -1.095012 0.023546
2548.100 -1.074417 0.023198
2549.030 -1.072076 0.023524
2552.010 -1.181034 0.025252
2560.980 -1.203484 0.025273
2575.160 -1.235512 0.027644
2578.130 -1.268336 0.027314
2583.130 -1.279476 0.027528
2590.100 -1.157117 0.025218
2599.140 -1.187219 0.026304
2607.960 -1.070160 0.024108
2617.020 -0.990377 0.022389
2617.030 -1.016233 0.022284
2625.010 -1.026055 0.022551
2625.020 -1.026307 0.022874
2633.820 -0.977675 0.021913
2643.000 -1.079786 0.024505
2643.010 -1.102283 0.024534
2651.940 -1.024732 0.023253
2687.960 -0.899496 0.221040
2696.840 -1.166890 0.186779
2696.850 -1.304504 0.186272
2715.940 -0.932541 0.175552
2723.830 -1.314067 0.170112
2732.830 -1.056067 0.165503
2741.830 -0.958541 0.155979
2741.840 -0.878336 0.155134
2751.840 -0.849352 0.133514
2909.030 -0.186841 0.027679
2913.100 -0.236626 0.004797
2918.010 -0.203631 0.004199
2930.960 -0.063210 0.001340
2931.180 -0.068056 0.001417
2934.160 -0.074703 0.001595
2939.930 -0.058919 0.001143
2948.130 -0.045252 0.000913
2955.890 -0.144465 0.003056
2964.030 -0.155406 0.003107
2964.050 -0.149593 0.003012
2983.810 -0.372370 0.016456
2991.810 -0.400173 0.017165
2991.820 -0.402164 0.017123
2999.990 -0.389296 0.017146
3009.010 -0.464139 0.018267
3009.020 -0.445707 0.018381
3017.830 -0.305170 0.016105
3035.930 -0.143234 0.007012
3053.830 -0.126133 0.007169
3053.840 -0.136554 0.007440
3061.820 -0.115616 0.002492
3061.830 -0.109378 0.002433
3070.820 -0.092491 0.002000
3079.820 -0.040220 0.000876
3079.830 -0.037065 0.000866
3088.830 -0.093175 0.002104
3097.830 -0.050246 0.001099
3097.840 -0.047905 0.001080
3106.840 -0.025552 0.000531
3116.830 0.091431 0.002094
3273.180 0.482563 0.011448
3279.010 0.442063 0.011346
3287.990 0.464941 0.012035
3295.960 0.463144 0.011589
3300.170 0.439524 0.011548
3304.140 0.387485 0.009263
3304.160 0.393942 0.009313
3314.140 0.266894 0.006389
3323.090 0.209518 0.005276
3327.030 0.247800 0.005817
3330.080 0.185145 0.005649
3330.090 0.183458 0.005701
3343.840 0.347474 0.009044
3348.060 0.383049 0.010988
3356.960 0.538135 0.014669
3365.070 0.488531 0.013771
3372.800 0.496725 0.013853
3373.890 0.464925 0.011842
3382.940 0.427372 0.010802
3387.880 0.407059 0.010946
3391.990 0.351949 0.022466
3392.000 0.351313 0.020803
3400.780 0.409447 0.024514
3400.800 0.411442 0.023750
3418.910 0.372666 0.020986
3429.820 0.405759 0.024342
3429.830 0.378658 0.024320
3436.820 0.440801 0.023827
3445.820 0.332132 0.016223
3445.830 0.282633 0.015629
3454.840 0.288919 0.010442
3461.840 0.379235 0.013083
3463.830 0.357593 0.012957
3463.840 0.363246 0.012053
402
0.030 2.145210 0.279801
0.050 2.029791 0.283265
13.140 2.639523 0.357048
27.010 3.298143 0.399052
27.020 3.076706 0.398268
50.180 4.182440 0.420953
51.880 2.589062 0.419005
51.890 2.986695 0.459241
59.020 3.422218 0.465583
105.820 3.226465 0.402852
117.940 3.627420 0.395136
130.870 2.776670 0.388157
130.880 2.884338 0.387443
157.850 2.585026 0.407942
157.870 3.237895 0.407177
166.850 3.166870 0.399495
184.850 3.044026 0.421995
184.870 3.227874 0.410634
347.090 3.544919 0.380456
347.100 2.977368 0.399746
356.030 2.559137 0.388162
356.050 2.539205 0.364749
363.030 3.059418 0.363484
363.050 2.980312 0.359715
366.010 3.151307 0.242655
366.020 2.510922 0.242541
373.980 2.969495 0.238176
373.990 3.105247 0.238151
379.990 2.883560 0.225072
380.000 2.662317 0.225016
393.960 2.620461 0.203550
399.130 1.963905 0.200277
399.140 2.484922 0.200259
408.920 2.189149 0.190037
408.930 2.268714 0.189993
419.890 2.570654 0.191834
426.060 2.527863 0.193304
426.070 2.332830 0.193307
434.060 1.768669 0.191337
434.070 2.384257 0.199673
443.810 2.173649 0.188515
443.820 2.428780 0.188451
451.980 2.200547 0.175910
451.990 1.978341 0.175844
462.810 1.950371 0.157088
462.820 1.755024 0.157048
470.780 1.568209 0.139309
470.800 1.521334 0.154106
478.890 1.354241 0.172011
478.910 1.383450 0.171099
497.000 0.646367 0.109952
497.010 0.768317 0.109753
500.920 0.587260 0.098963
505.850 0.712290 0.087938
514.850 0.238320 0.029757
523.850 0.043669 0.004899
523.870 0.042282 0.004383
525.820 0.026763 0.002795
535.880 -0.125409 0.014485
535.890 -0.091305 0.013735
550.870 -0.361862 0.046066
550.880 -0.308387 0.056263
567.820 -0.529495 0.068540
567.840 -0.538596 0.071051
718.030 -0.013436 0.001264
718.050 -0.007958 0.001107
719.130 0.041024 0.004061
719.140 0.036107 0.003911
722.030 0.059707 0.007359
731.030 0.290484 0.037800
731.050 0.287987 0.037803
748.100 0.782939 0.081216
748.120 0.799668 0.090318
752.140 0.720776 0.084873
756.140 0.999085 0.094564
756.160 1.049722 0.094503
765.010 1.011203 0.105638
765.020 1.107622 0.107337
775.130 1.124998 0.107367
775.140 0.906445 0.107130
782.090 0.778122 0.096366
782.100 1.053541 0.096162
791.060 0.686647 0.077303
791.070 0.711811 0.077075
802.820 0.412939 0.045574
809.010 0.342825 0.032538
809.020 0.313313 0.032474
818.090 -0.017250 0.001592
818.100 -0.011962 0.001632
827.820 -0.355971 0.039100
844.910 -1.000889 0.096826
844.920 -0.937579 0.093974
853.880 -1.072326 0.117780
854.070 -1.372140 0.127265
854.090 -1.121730 0.127072
862.870 -1.134967 0.144999
862.880 -1.241822 0.144708
870.850 -1.788159 0.129770
880.000 -2.053983 0.160233
880.010 -1.820714 0.158396
897.930 -2.171946 0.184149
897.940 -2.187113 0.195738
907.850 -2.241231 0.208077
907.870 -2.129051 0.197236
920.890 -2.780921 0.211096
924.850 -2.650956 0.210265
924.870 -2.265311 0.210091
1100.010 -1.663464 0.145785
1100.020 -1.882236 0.145635
1101.000 -1.733567 0.147496
1101.010 -1.850825 0.147403
1113.960 -1.749267 0.155487
1117.170 -2.042053 0.163800
1117.180 -2.073024 0.169615
1122.960 -2.030935 0.169900
1123.930 -1.843871 0.175286
1124.140 -1.904371 0.176799
1129.160 -2.050760 0.172861
1129.170 -1.982174 0.171183
1138.920 -1.851589 0.166985
1138.930 -2.021674 0.175819
1147.100 -1.971705 0.179668
1157.850 -1.855229 0.158564
1164.840 -1.491101 0.144957
1164.850 -1.825523 0.145072
1172.810 -1.679818 0.133822
1173.020 -1.569496 0.133989
1173.030 -1.583791 0.131653
1187.810 -1.258197 0.103853
1187.820 -1.472711 0.103869
1190.960 -1.237139 0.099235
1190.980 -1.194794 0.090709
1200.890 -1.150143 0.076175
1200.910 -1.168351 0.084134
1207.850 -0.804384 0.066874
1209.090 -0.838873 0.067297
1209.100 -0.815323 0.067307
1226.870 -0.527293 0.049803
1226.880 -0.611706 0.049848
1236.810 -0.395574 0.036005
1236.820 -0.450427 0.036013
1244.910 -0.160094 0.012805
1244.920 -0.154729 0.012783
1253.850 -0.096103 0.009150
1262.850 0.102725 0.010173
1262.870 0.087114 0.009758
1274.930 0.349634 0.029909
1274.940 0.338032 0.027169
1280.850 0.400307 0.031861
1280.870 0.397708 0.034959
1448.030 0.918894 0.088738
1448.050 1.053927 0.084179
1455.030 1.105760 0.093156
1455.050 1.199113 0.102849
1462.030 1.304391 0.115837
1462.050 1.418920 0.104005
1467.000 1.629539 0.116881
1469.980 1.474823 0.138313
1469.990 1.308927 0.138456
1473.990 1.557340 0.129911
1474.000 1.254884 0.137168
1494.140 1.995277 0.161299
1503.120 1.843487 0.167508
1503.130 1.952649 0.167708
1513.890 2.160750 0.187349
1513.910 2.048614 0.187600
1521.050 2.048961 0.184349
1521.060 2.257477 0.184505
1530.030 2.461678 0.201058
1530.050 2.185206 0.201220
1540.850 2.153616 0.189570
1569.820 2.329247 0.271438
1569.840 2.496949 0.332743
1584.820 2.711723 0.322425
1584.840 2.596093 0.323201
1600.880 2.535315 0.357244
1618.980 2.680226 0.337649
1618.990 2.210443 0.314872
1628.930 2.451863 0.324844
1628.940 2.469975 0.305230
1636.850 3.245864 0.313115
1636.870 2.679910 0.328661
1645.850 2.865702 0.337013
1645.870 2.926101 0.353499
1661.840 2.843561 0.363928
1661.850 2.893904 0.364753
1817.050 1.091634 0.128904
1817.060 1.070404 0.129256
1822.030 0.806550 0.128609
1822.050 1.106026 0.128864
1826.140 0.818690 0.126180
1831.000 0.803328 0.113277
1831.010 0.975153 0.103677
1839.990 0.833224 0.100135
1840.000 0.831681 0.102246
1844.200 0.644910 0.097496
1849.960 0.765875 0.074204
1852.160 0.576560 0.068567
1852.170 0.598696 0.068339
1868.940 0.500836 0.057610
1868.950 0.516161 0.057470
1878.070 0.496407 0.056896
1878.090 0.509309 0.056766
1887.090 0.606996 0.065445
1887.100 0.510739 0.065303
1905.980 0.328992 0.043578
1914.890 0.357548 0.043753
1914.910 0.489713 0.043690
1930.950 0.255734 0.027914
1930.960 0.215263 0.027846
1941.820 0.015574 0.001817
1957.870 -0.437629 0.054989
1957.880 -0.529051 0.064534
1966.850 -0.455715 0.077521
1967.000 -0.706280 0.077669
1975.850 -0.772453 0.110163
1984.850 -1.408525 0.144392
1984.870 -1.197052 0.144106
1993.850 -1.489215 0.179221
1993.870 -1.278263 0.178995
2002.870 -1.314599 0.295803
2002.880 -2.005095 0.293582
2020.850 -1.187080 0.385571
2020.870 -2.572859 0.384814
2175.050 -3.404633 0.690885
2175.060 -3.698504 0.689136
2178.070 -2.311067 0.691791
2183.030 -3.718202 0.704811
2183.050 -4.361298 0.681113
2193.010 -3.851415 0.701996
2202.000 -3.515135 0.743236
2202.010 -5.079085 0.741390
2204.980 -5.537256 0.756021
2204.990 -4.010882 0.754224
2208.930 -4.235224 0.782779
2208.940 -3.112563 0.781010
2215.010 -4.991121 0.801395
2215.020 -5.009983 0.882642
2218.120 -5.067300 0.902177
2225.070 -4.999151 0.916312
2234.100 -5.576019 0.941847
2234.120 -4.861773 0.939559
2243.130 -5.855199 0.981119
2243.140 -4.509537 0.978840
2261.060 -5.605282 0.887940
2270.050 -6.016536 0.924828
2270.060 -4.722950 0.922789
2272.050 -6.583330 0.920522
2278.840 -7.140609 0.943312
2278.850 -5.013497 0.941460
2287.960 -6.441676 0.982643
2287.980 -5.659303 0.980643
2296.950 -7.605204 1.123215
2296.960 -6.659182 1.121024
2307.850 -8.784751 1.164661
2307.870 -5.171415 1.162439
2314.890 -7.708280 1.167383
2314.910 -6.197266 1.164978
2323.820 -4.720507 1.189870
2323.850 -5.679083 1.187695
2323.870 -7.624649 1.285882
2331.850 -9.356527 1.315939
2340.850 -5.086848 1.330585
2349.850 -5.540969 1.357901
2358.870 -7.915133 1.359777
2367.850 -6.490823 1.336823
2367.870 -7.929300 1.334101
2376.850 -9.800513 1.322688
2376.870 -6.208908 1.708459
2385.850 -6.136740 1.675395
2385.870 -6.187866 1.671153
2540.070 -7.212759 1.525640
2548.130 -8.520467 1.491134
2548.140 -8.100256 1.487419
2549.060 -5.565506 1.483649
2549.070 -7.044588 1.479898
2552.030 -9.245570 1.459291
2552.050 -6.473721 1.182318
2561.010 -6.155941 1.157805
2561.020 -2.946688 1.155003
2576.940 -6.506207 1.114127
2576.950 -8.572814 1.111530
2578.160 -7.185924 1.100551
2578.170 -6.663301 1.097910
2583.160 -7.690763 1.078991
2583.170 -5.527435 1.076446
2590.140 -8.061290 1.321390
2601.180 -7.087856 1.249995
2608.000 -6.868424 1.195343
2608.010 -4.345489 1.192546
2617.050 -3.369011 1.112672
2617.060 -5.709410 1.110056
2625.050 -2.220043 1.802796
2625.060 -5.438852 1.719626
2630.920 -6.785920 1.642273
2631.100 -3.957741 1.781603
2633.850 -5.710338 1.741393
2643.030 -4.972676 1.458085
2651.960 -1.800869 1.330358
2651.980 -3.524778 1.350384
2688.000 -2.316164 0.947096
2688.010 -3.734933 0.961251
2696.880 -2.285974 0.905879
2696.890 -3.052381 0.763837
2723.850 -3.375608 0.643087
2723.870 -2.670202 0.638120
2732.850 -2.784746 0.647085
2732.870 -2.045547 0.638786
2741.870 -2.504805 0.635612
2741.880 -2.121084 0.702345
2752.830 -2.000398 0.745128
2752.840 -2.203351 0.629837
2909.060 -0.038881 0.014050
2909.070 -0.050556 0.013359
2913.130 -0.070946 0.017369
2913.140 -0.053523 0.017302
2918.030 -0.111068 0.017316
2918.050 -0.087113 0.017239
2929.170 0.094922 0.014987
2931.000 0.099434 0.015804
2931.010 0.118225 0.015814
2933.000 0.178242 0.022280
2933.010 0.142251 0.022207
2934.980 0.130690 0.018468
2934.990 0.152152 0.018431
2939.960 0.155538 0.023498
2948.160 0.247179 0.039951
2948.170 0.320938 0.039990
2955.920 0.382844 0.043942
2955.930 0.192979 0.043872
2964.080 0.387690 0.054644
2964.090 0.356651 0.048149
2983.840 0.665718 0.079219
2983.850 0.832542 0.079087
2991.850 0.834605 0.102939
3000.020 0.970313 0.135249
3000.030 1.145759 0.134940
3007.050 1.245672 0.157808
3009.050 1.426056 0.162151
3009.060 1.282858 0.161851
3017.890 1.724476 0.209921
3017.910 1.577979 0.208791
3035.960 2.257136 0.265223
3053.850 2.557241 0.274148
3053.870 2.533025 0.273626
3061.850 2.335215 0.272484
3065.880 2.460244 0.280061
3070.850 2.143772 0.278157
3079.850 2.051104 0.275132
3079.870 2.846204 0.274771
3088.850 2.235603 0.259478
3088.870 2.339798 0.262587
3097.870 2.461224 0.261952
3097.880 2.088137 0.261504
3106.870 2.305638 0.248991
3106.880 2.158453 0.248570
3116.850 1.926278 0.269647
3116.870 2.570769 0.269253
3279.030 2.343889 0.305396
3279.050 3.079903 0.304799
3288.020 2.666692 0.287872
3288.030 2.813153 0.287374
3296.000 2.524986 0.275337
3296.010 2.815045 0.274877
3300.960 2.880938 0.256818
3304.930 2.492595 0.248076
3304.940 2.122020 0.248080
3314.170 1.993799 0.221308
3314.180 2.165952 0.184064
3330.100 1.919535 0.158579
3330.120 1.893821 0.158457
3337.030 1.957091 0.152980
3343.870 1.665105 0.149366
3343.880 1.604860 0.149405
3348.820 1.678624 0.146677
3348.830 1.788538 0.146759
3356.990 1.569963 0.142806
3357.000 1.729586 0.156523
3365.100 1.194985 0.143325
3366.920 1.713326 0.145706
3373.950 1.310405 0.127771
3373.960 1.264793 0.127799
3382.960 0.914758 0.106577
3382.980 1.143865 0.106484
3386.990 0.978778 0.101101
3392.030 0.890101 0.077852
3400.830 0.650500 0.056092
3400.840 0.560427 0.056082
3418.940 -0.047201 0.006870
3418.950 -0.056228 0.006789
3427.920 -0.323546 0.040458
3429.920 -0.334156 0.050252
3429.930 -0.412454 0.050585
3436.850 -0.603772 0.080326
3445.850 -0.992954 0.128239
3451.890 -1.617324 0.160877
3454.870 -1.568648 0.172776
3454.880 -1.440134 0.172492
3463.870 -1.343609 0.196051
3463.880 -1.463265 0.195658
3479.850 -2.393430 0.216680
3481.850 -1.502462 0.222405
