24.81 0.4612 1.87 21.63 0.2619 9.8332 353.1390
2
286
0.010 0.014283 0.001604
13.120 -0.007538 0.001001
26.960 -0.110511 0.015070
26.980 -0.123089 0.015934
50.010 -0.438472 0.056993
51.850 -0.638081 0.079162
70.890 -0.647493 0.080048
105.780 -0.736543 0.088879
130.850 -0.468717 0.056179
157.820 -0.449596 0.068301
184.820 -0.734326 0.025837
347.060 0.127742 0.004527
356.010 -0.354878 0.013271
363.010 0.192665 0.008077
365.960 0.174203 0.006354
365.980 0.176516 0.006647
369.170 0.086497 0.003404
373.170 0.182977 0.006789
378.170 -0.107886 0.003906
393.930 0.386858 0.015109
399.100 0.320504 0.020580
408.890 0.550650 0.035312
419.850 0.283471 0.016583
426.030 0.357742 0.022395
434.030 -0.453261 0.027841
443.770 -0.646880 0.039260
443.780 -0.580781 0.046560
451.950 -1.293366 0.090234
462.780 -0.899008 0.070416
470.050 -0.887597 0.066443
470.060 -0.860081 0.030990
478.870 -1.258389 0.063631
496.960 -0.555390 0.033602
505.810 -0.272656 0.013635
505.820 -0.317689 0.014729
514.820 0.019461 0.000930
523.820 -0.552882 0.027491
535.840 -1.037890 0.051089
535.850 -0.930537 0.050952
550.840 -0.529516 0.027583
566.820 -0.062127 0.003486
718.010 -0.370918 0.012887
719.100 -0.234379 0.008435
722.000 -0.230474 0.008638
722.010 -0.230636 0.008851
731.010 -0.078486 0.003020
739.960 -0.504373 0.021835
747.950 -0.795516 0.036662
752.100 -0.874830 0.036115
756.120 -0.866057 0.036212
764.960 -0.516536 0.019549
764.980 -0.519507 0.019078
775.100 -0.215535 0.007854
781.130 0.082425 0.003132
782.060 -0.057922 0.002112
782.070 -0.054328 0.002169
791.030 -0.313260 0.010954
802.780 -0.654294 0.022511
808.960 -0.572593 0.019056
808.980 -0.564711 0.018671
818.060 -0.316110 0.010641
827.780 -0.227693 0.007836
844.880 0.194357 0.004933
844.890 0.191180 0.005158
854.030 0.243715 0.006611
854.050 0.245087 0.006659
862.840 0.515043 0.014618
870.820 0.550918 0.016041
879.940 0.710719 0.020206
897.890 0.020726 0.000603
907.820 0.027223 0.000754
907.840 0.038727 0.001117
920.820 -0.434892 0.020899
924.820 -0.341693 0.016111
1099.980 -0.038142 0.001650
1100.960 -0.054124 0.003164
1113.930 -0.280903 0.014347
1117.140 -0.176563 0.009263
1122.930 -0.257122 0.015236
1129.130 -0.064842 0.002972
1138.890 -0.436992 0.020808
1147.060 -0.180699 0.009227
1147.070 -0.183161 0.009146
1157.810 -0.045738 0.002177
1157.820 -0.043363 0.002157
1164.810 0.030628 0.001550
1164.820 0.023102 0.001105
1172.990 -0.195162 0.009872
1187.780 -0.176046 0.008642
1190.940 -0.655422 0.031047
1200.870 -0.368651 0.017175
1200.880 -0.393392 0.017519
1209.060 -0.619788 0.141599
1226.850 -0.928959 0.195146
1231.850 -0.962151 0.288466
1235.990 -0.862513 0.232334
1244.820 -0.790947 0.239180
1253.820 -1.161244 0.299649
1262.820 -0.854756 0.184711
1262.840 -0.713589 0.183932
1274.820 -0.400996 0.213344
1280.820 -0.091895 0.084598
1448.010 -0.115303 0.015421
1455.010 -0.022783 0.002523
1462.010 0.078084 0.007888
1465.960 0.347495 0.047176
1466.960 0.477770 0.063788
1469.170 0.309591 0.051145
1473.170 0.468857 0.087178
1494.100 0.342555 0.048665
1497.990 0.523801 0.113640
1503.090 0.906345 0.149087
1513.870 0.422764 0.034983
1521.020 0.188513 0.019228
1521.030 0.253130 0.020062
1530.010 0.110155 0.010253
1540.820 0.924836 0.072617
1569.780 0.937984 0.066866
1569.800 0.707678 0.067432
1584.800 1.475833 0.126751
1600.840 1.319951 0.104697
1600.850 1.298273 0.103122
1618.950 0.938859 0.027147
1628.820 0.073990 0.002340
1636.820 -0.074695 0.002327
1645.820 0.117607 0.003762
1645.840 0.111165 0.003583
1817.020 -0.524054 0.014965
1817.030 -0.471125 0.014621
1822.010 -0.925845 0.028842
1826.100 -0.857840 0.029936
1830.960 -1.063991 0.033244
1839.950 -1.020887 0.055606
1839.960 -1.060517 0.056825
1849.930 -0.509968 0.026418
1852.130 -0.491248 0.026823
1857.030 -0.370773 0.019949
1860.140 -0.501001 0.026218
1868.910 -0.722199 0.039033
1871.120 -0.673940 0.038365
1878.050 -0.548391 0.030630
1878.060 -0.585465 0.029950
1887.050 -0.596933 0.023689
1887.060 -0.645682 0.023022
1914.870 -0.310182 0.010932
1930.920 -0.430863 0.015966
1941.780 -0.734849 0.027634
1941.800 -0.745192 0.027224
1941.980 -0.749039 0.028275
1957.820 -0.640964 0.024644
1957.840 -0.651658 0.024055
1966.820 -0.181091 0.006561
1969.890 -0.356791 0.021545
1975.820 -0.338053 0.018764
1984.820 0.033271 0.001729
1986.890 -0.191439 0.010421
1993.820 0.143055 0.007618
1993.840 0.139426 0.006821
2002.820 -0.273772 0.014700
2002.840 -0.299213 0.014843
2020.820 0.072545 0.003974
2175.020 -0.436937 0.021865
2177.180 -0.442746 0.017108
2183.010 -0.517051 0.019079
2192.960 -0.150169 0.005565
2192.980 -0.152913 0.005530
2201.960 -0.500168 0.017066
2204.170 -0.373210 0.014964
2214.980 -0.490093 0.018213
2224.990 -0.688224 0.026032
2234.090 -0.304631 0.012037
2243.090 -0.214804 0.008230
2243.100 -0.230210 0.017626
2261.030 0.331174 0.027948
2270.010 0.220204 0.017890
2270.020 0.238467 0.019856
2278.800 0.291973 0.019543
2278.810 0.244129 0.020124
2287.940 0.694377 0.052928
2296.920 1.258128 0.095098
2307.780 1.559363 0.117644
2307.800 1.524431 0.102137
2314.870 0.826308 0.132019
2323.820 1.142778 0.142329
2323.840 1.098365 0.128485
2331.820 1.284867 0.142424
2340.820 0.851399 0.094019
2349.820 0.424331 0.040111
2358.820 0.419164 0.049196
2367.820 0.217067 0.029245
2376.820 0.201193 0.027165
2385.820 -0.286903 0.031586
2385.840 -0.239033 0.007521
2540.030 0.056609 0.001650
2548.100 0.408709 0.012080
2549.030 0.514014 0.015060
2552.010 0.347711 0.010438
2560.980 -0.050622 0.001569
2575.160 0.054423 0.001715
2578.130 -0.325227 0.009718
2583.130 -0.697971 0.020355
2590.100 -0.927147 0.029003
2599.140 -0.753429 0.023674
2607.960 -0.132921 0.004215
2617.020 -0.506112 0.015446
2617.030 -0.486935 0.015071
2625.010 -0.568802 0.018025
2625.020 -0.627089 0.018856
2633.820 -0.424431 0.012955
2643.000 -0.484499 0.015701
2643.010 -0.497858 0.015605
2651.940 -0.050447 0.001650
2687.960 -0.221702 0.101268
2696.840 -1.035342 0.160875
2696.850 -0.779271 0.160727
2715.940 -0.283608 0.055987
2723.830 -0.153591 0.048835
2732.830 0.115862 0.025791
2741.830 0.344841 0.076724
2741.840 0.390712 0.080357
2751.840 0.400871 0.092935
2909.030 0.209414 0.053500
2913.100 0.174015 0.005040
2918.010 0.116932 0.003313
2930.960 -0.369656 0.010111
2931.180 -0.384416 0.011192
2934.160 -0.402967 0.011259
2939.930 -0.160982 0.004524
2948.130 -0.109519 0.003109
2955.890 -0.155292 0.004164
2964.030 -0.266109 0.007246
2964.050 -0.208210 0.005833
2983.810 -0.431983 0.024521
2991.810 -0.545529 0.033189
2991.820 -0.485152 0.032610
2999.990 -0.766710 0.054355
3009.010 -0.596577 0.036101
3009.020 -0.642833 0.035948
3017.830 -0.424094 0.026873
3035.930 0.260589 0.017402
3053.830 -0.173100 0.013950
3053.840 -0.208821 0.014748
3061.820 -0.186036 0.005617
3061.830 -0.175472 0.005325
3070.820 -0.464243 0.014012
3079.820 -0.334918 0.010215
3079.830 -0.310992 0.010250
3088.830 -0.366600 0.011247
3097.830 -0.617170 0.018517
3097.840 -0.661176 0.018903
3106.840 -0.319396 0.009640
3116.830 -1.242693 0.037493
3273.180 -0.563815 0.018940
3279.010 -0.108796 0.003779
3287.990 -0.631785 0.021532
3295.960 -0.799423 0.029492
3300.170 -1.176796 0.043180
3304.140 -1.109659 0.037165
3304.160 -1.084555 0.036410
3314.140 -0.770405 0.025512
3323.090 -0.218036 0.007383
3327.030 -0.368402 0.012187
3330.080 -0.015350 0.000665
3330.090 -0.013797 0.000594
3343.840 0.274029 0.010391
3348.060 0.129400 0.005052
3356.960 -0.066948 0.002585
3365.070 0.381489 0.014459
3372.800 0.307059 0.012659
3373.890 0.082589 0.002960
3382.940 0.467819 0.016626
3387.880 0.365583 0.014308
3391.990 0.332146 0.032752
3392.000 0.351076 0.030238
3400.780 0.401393 0.027625
3400.800 0.331589 0.027450
3418.910 -0.034236 0.002653
3429.820 0.148707 0.015949
3429.830 0.214687 0.018363
3436.820 0.320174 0.025784
3445.820 0.612709 0.048189
3445.830 0.653353 0.046680
3454.840 0.767214 0.036835
3461.840 0.649170 0.031481
3463.830 0.560597 0.030303
3463.840 0.582672 0.027887
402
0.030 0.481005 0.091051
0.050 0.468594 0.092385
13.140 0.136732 0.025661
27.010 0.383954 0.061974
27.020 0.377225 0.061773
50.180 0.599093 0.092841
51.880 0.483132 0.073638
51.890 0.343168 0.080716
59.020 0.275753 0.087993
105.820 1.016223 0.189890
117.940 0.650959 0.155813
130.870 0.698843 0.147337
130.880 0.647942 0.146921
157.850 0.581066 0.090782
157.870 0.660428 0.090632
166.850 0.713658 0.116978
184.850 0.473269 0.076028
184.870 0.486787 0.073827
347.090 -0.308005 0.050823
347.100 -0.352484 0.053254
356.030 -0.196713 0.039430
356.050 -0.153478 0.036546
363.030 0.288143 0.048431
363.050 0.304796 0.048165
366.010 0.192235 0.038789
366.020 0.312066 0.038716
373.980 -0.148615 0.017606
373.990 -0.167029 0.017565
379.990 0.021653 0.002709
380.000 0.022982 0.002791
393.960 -0.007476 0.000894
399.130 -0.062983 0.006727
399.140 -0.048969 0.006781
408.920 -0.314746 0.040253
408.930 -0.262362 0.040165
419.890 -0.486166 0.066841
426.060 -0.568525 0.068156
426.070 -0.543076 0.068130
434.060 -0.289914 0.033756
434.070 -0.231761 0.035294
443.810 0.380011 0.056200
443.820 0.448550 0.056248
451.980 0.599707 0.074917
451.990 0.624607 0.074983
462.810 0.762971 0.140992
462.820 1.105260 0.140922
470.780 0.919975 0.139132
470.800 1.203064 0.154113
478.890 0.961219 0.166231
478.910 1.163773 0.165245
497.000 1.394288 0.288610
497.010 1.362202 0.287924
500.920 1.604019 0.275814
505.850 1.106930 0.179471
514.850 0.549284 0.067192
523.850 -0.094910 0.014680
523.870 -0.101879 0.012946
525.820 0.119046 0.018094
535.880 0.973855 0.152889
535.890 1.031436 0.145211
550.870 1.184481 0.152546
550.880 1.044299 0.186551
567.820 0.268858 0.067653
567.840 0.474708 0.070443
718.030 0.739171 0.123657
718.050 0.550982 0.108178
719.130 0.608521 0.099786
719.140 0.560634 0.095528
722.030 0.440568 0.055054
731.030 0.236037 0.035986
731.050 0.219733 0.036103
748.100 0.449226 0.067443
748.120 0.570178 0.075104
752.140 0.791565 0.111643
756.140 0.707119 0.101951
756.160 0.616355 0.101825
765.010 0.961339 0.118142
765.020 0.917698 0.120062
775.130 0.411662 0.058278
775.140 0.412129 0.058035
782.090 0.064425 0.009634
782.100 0.064439 0.009618
791.060 0.001614 0.000300
791.070 0.002349 0.000338
802.820 0.319396 0.043011
809.010 0.709344 0.084197
809.020 0.629613 0.084130
818.090 0.667938 0.094358
818.100 0.549380 0.094090
827.820 0.351700 0.046325
844.910 0.158576 0.022262
844.920 0.144968 0.021643
853.880 -0.137569 0.018557
854.070 -0.153204 0.021326
854.090 -0.129143 0.021430
862.870 -0.087461 0.012894
862.880 -0.066339 0.012992
870.850 -0.763305 0.086682
880.000 -0.540529 0.070338
880.010 -0.517243 0.069509
897.930 -1.059606 0.118429
897.940 -0.661169 0.125996
907.850 0.005245 0.000768
907.870 0.005032 0.000896
920.890 0.307879 0.046754
924.850 0.401900 0.064637
924.870 0.484942 0.064535
1100.010 -0.114480 0.015832
1100.020 -0.140562 0.015793
1101.000 -0.166289 0.017316
1101.010 -0.139298 0.017342
1113.960 0.189193 0.021264
1117.170 -0.074910 0.009591
1117.180 -0.074200 0.009875
1122.960 0.150951 0.021061
1123.930 0.255885 0.032716
1124.140 0.252810 0.034633
1129.160 0.339824 0.050402
1129.170 0.507835 0.049977
1138.920 0.101455 0.012286
1138.930 0.118697 0.012921
1147.100 0.351639 0.054113
1157.850 0.142148 0.018276
1164.840 0.139765 0.022131
1164.850 0.233600 0.022113
1172.810 -0.016518 0.001936
1173.020 -0.033465 0.003571
1173.030 -0.031120 0.003577
1187.810 0.228893 0.025207
1187.820 0.208293 0.025236
1190.960 0.083578 0.011175
1190.980 0.089744 0.009995
1200.890 0.573301 0.059504
1200.910 0.667084 0.065934
1207.850 0.395867 0.052660
1209.090 0.277238 0.034757
1209.100 0.245637 0.034675
1226.870 0.422077 0.051556
1226.880 0.339958 0.051636
1236.810 0.703954 0.092256
1236.820 0.832219 0.092303
1244.910 1.198779 0.129155
1244.920 1.138394 0.129091
1253.850 0.795217 0.129155
1262.850 0.984711 0.139164
1262.870 1.035010 0.132275
1274.930 0.586489 0.064342
1274.940 0.463171 0.058322
1280.850 0.744880 0.081214
1280.870 0.676963 0.089256
1448.030 0.253983 0.035698
1448.050 0.295966 0.033495
1455.030 0.040782 0.004655
1455.050 0.030314 0.005178
1462.030 -0.005047 0.000636
1462.050 -0.003967 0.000489
1467.000 0.025342 0.003493
1469.980 -0.079489 0.011997
1469.990 -0.085237 0.012047
1473.990 -0.284427 0.034336
1474.000 -0.275453 0.036409
1494.140 -0.574241 0.078781
1503.120 -0.521591 0.056041
1503.130 -0.381785 0.055977
1513.890 -0.799676 0.094879
1513.910 -0.590561 0.094707
1521.050 -0.812850 0.083955
1521.060 -0.557791 0.084008
1530.030 -0.134481 0.025194
1530.050 -0.226459 0.025077
1540.850 -0.287218 0.033158
1569.820 -0.637225 0.103436
1569.840 -0.692228 0.127111
1584.820 -0.792788 0.160852
1584.840 -0.715310 0.161442
1600.880 -1.049268 0.233671
1618.980 -1.304389 0.206941
1618.990 -1.068347 0.192950
1628.930 -0.922875 0.142835
1628.940 -1.011481 0.133992
1636.850 -0.391498 0.054499
1636.870 -0.245193 0.056654
1645.850 0.023139 0.004530
1645.870 0.028470 0.004780
1661.840 -0.410328 0.058617
1661.850 -0.322061 0.058906
1817.050 0.378455 0.091602
1817.060 0.439369 0.091911
1822.030 0.533756 0.110796
1822.050 0.599348 0.111063
1826.140 0.481646 0.083666
1831.000 0.781582 0.163295
1831.010 0.904278 0.149467
1839.990 1.221305 0.200232
1840.000 1.150796 0.204511
1844.200 1.515038 0.284448
1849.960 0.965293 0.163882
1852.160 0.717833 0.126273
1852.170 0.693287 0.125941
1868.940 0.585188 0.083205
1868.950 0.493338 0.083016
1878.070 0.697932 0.105714
1878.090 0.685374 0.105792
1887.090 0.674126 0.105531
1887.100 0.644265 0.105229
1905.980 0.367799 0.082688
1914.890 0.524006 0.087748
1914.910 0.572750 0.087307
1930.950 0.256393 0.035364
1930.960 0.267258 0.035240
1941.820 0.438063 0.081024
1957.870 0.935489 0.188700
1957.880 1.658506 0.221737
1966.850 0.600544 0.127925
1967.000 0.492149 0.126758
1975.850 0.136636 0.028601
1984.850 0.338984 0.065462
1984.870 0.486409 0.065482
1993.850 0.010235 0.001634
1993.870 0.007915 0.001494
2002.870 -0.143145 0.031988
2002.880 -0.097366 0.031823
2020.850 0.011729 0.002572
2020.870 0.010471 0.002800
2175.050 0.359864 0.072471
2175.060 0.361611 0.072438
2178.070 0.324445 0.106560
2183.030 0.555301 0.137773
2183.050 0.634961 0.133288
2193.010 0.541688 0.124158
2202.000 0.209849 0.047829
2202.010 0.065294 0.047610
2204.980 0.331710 0.062253
2204.990 0.322905 0.062031
2208.930 0.426465 0.103450
2208.940 0.288877 0.103370
2215.010 0.237966 0.098613
2215.020 0.500020 0.108601
2218.120 0.543845 0.125980
2225.070 0.932520 0.154617
2234.100 0.373316 0.185262
2234.120 1.064766 0.185018
2243.130 0.371202 0.110302
2243.140 0.370263 0.109892
2261.060 0.160094 0.043935
2270.050 -0.180716 0.052137
2270.060 -0.246477 0.052271
2272.050 -0.457341 0.075144
2278.840 -0.343044 0.073644
2278.850 -0.301492 0.073387
2287.960 -0.209238 0.066155
2287.980 -0.272295 0.066156
2296.950 -0.740573 0.177301
2296.960 -0.677930 0.177003
2307.850 -1.418692 0.302096
2307.870 -1.542120 0.301832
2314.890 -1.334933 0.344275
2314.910 -1.282298 0.343936
2323.820 -0.705798 0.259869
2323.850 -0.915900 0.258957
2323.870 -0.524716 0.280126
2331.850 -0.804405 0.313322
2340.850 -0.967094 0.360876
2349.850 -1.252058 0.252708
2358.870 -0.395624 0.096430
2367.850 -0.348053 0.153705
2367.870 -0.569753 0.153259
2376.850 -0.263648 0.081046
2376.870 -0.327206 0.104288
2385.850 -0.301828 0.072666
2385.870 -0.254987 0.072326
2540.070 0.243454 0.056487
2548.130 -0.151901 0.034670
2548.140 -0.094276 0.034513
2549.060 -0.055264 0.019835
2549.070 -0.088040 0.019598
2552.030 0.026989 0.017423
2552.050 0.066434 0.013990
2561.010 -0.164129 0.061592
2561.020 -0.208400 0.061411
2576.940 -0.075803 0.025802
2576.950 -0.142714 0.026012
2578.160 -0.190973 0.050333
2578.170 -0.267447 0.050305
2583.160 0.077851 0.019604
2583.170 0.030088 0.019552
2590.140 0.534678 0.166160
2601.180 0.921154 0.297649
2608.000 0.874405 0.250604
2608.010 1.016519 0.250030
2617.050 0.165118 0.043239
2617.060 0.088835 0.043196
2625.050 0.154866 0.187186
2625.060 0.144153 0.179233
2630.920 0.390012 0.229837
2631.100 0.532426 0.260465
2633.850 1.130435 0.336884
2643.030 0.343937 0.193121
2651.960 0.423170 0.202990
2651.980 0.280137 0.206801
2688.000 0.408680 0.337273
2688.010 0.365848 0.342104
2696.880 0.520396 0.218706
2696.890 0.509572 0.184139
2723.850 0.330603 0.228244
2723.870 0.463717 0.226304
2732.850 0.060421 0.062664
2732.870 0.109230 0.061842
2741.870 -0.136982 0.088402
2741.880 -0.110394 0.097570
2752.830 -0.377980 0.164092
2752.840 -0.589435 0.138797
2909.060 -0.299675 0.160911
2909.070 -0.316470 0.155217
2913.130 0.042826 0.021028
2913.140 0.078246 0.021198
2918.030 -0.131922 0.026816
2918.050 -0.122873 0.027113
2929.170 -0.034566 0.008091
2931.000 0.035300 0.009818
2931.010 0.029788 0.009841
2933.000 0.069799 0.013645
2933.010 0.075312 0.013592
2934.980 -0.003822 0.000724
2934.990 -0.005681 0.000869
2939.960 0.110589 0.020917
2948.160 0.089539 0.016698
2948.170 0.075786 0.016726
2955.920 -0.021025 0.002937
2955.930 -0.012413 0.002927
2964.080 -0.047040 0.008997
2964.090 -0.036873 0.007795
2983.840 0.469641 0.079309
2983.850 0.237070 0.079174
2991.850 0.476108 0.089801
3000.020 0.755883 0.120033
3000.030 0.767806 0.119624
3007.050 0.393965 0.117085
3009.050 0.617068 0.137939
3009.060 0.675022 0.137746
3017.890 0.592651 0.113269
3017.910 0.573133 0.112700
3035.960 0.177884 0.027359
3053.850 0.191068 0.040161
3053.870 0.218152 0.040474
3061.850 0.174323 0.027398
3065.880 0.052814 0.010763
3070.850 0.100715 0.018869
3079.850 0.396341 0.067421
3079.870 0.390785 0.067528
3088.850 0.477089 0.070752
3088.870 0.366579 0.071566
3097.870 0.290721 0.055263
3097.880 0.282458 0.055236
3106.870 0.693078 0.092087
3106.880 0.390545 0.092097
3116.850 0.372768 0.059746
3116.870 0.228632 0.059698
3279.030 0.463995 0.063445
3279.050 0.398428 0.063317
3288.020 0.169869 0.028456
3288.030 0.183685 0.028342
3296.000 0.405946 0.064097
3296.010 0.344098 0.064130
3300.960 0.392773 0.095775
3304.930 0.630430 0.120260
3304.940 0.786327 0.120404
3314.170 0.958325 0.152821
3314.180 0.990871 0.126813
3330.100 0.272388 0.047973
3330.120 0.336846 0.047780
3337.030 0.226227 0.037859
3343.870 -0.078249 0.010205
3343.880 -0.073818 0.010261
3348.820 -0.089697 0.011083
3348.830 -0.089858 0.011077
3356.990 -0.062399 0.007773
3357.000 -0.064317 0.008547
3365.100 -0.163704 0.025828
3366.920 -0.037693 0.005916
3373.950 -0.208668 0.041789
3373.960 -0.316504 0.041831
3382.960 -0.240306 0.030033
3382.980 -0.215313 0.029781
3386.990 -0.178335 0.030065
3392.030 -0.582390 0.069461
3400.830 -0.344146 0.043826
3400.840 -0.353247 0.043830
3418.940 -0.195083 0.034817
3418.950 -0.208380 0.034572
3427.920 -0.065031 0.012078
3429.920 -0.017947 0.003062
3429.930 -0.011184 0.003110
3436.850 -0.090260 0.015225
3445.850 -0.218721 0.058962
3451.890 -0.216878 0.033411
3454.870 -0.374610 0.066115
3454.880 -0.418210 0.066340
3463.870 -0.636331 0.108292
3463.880 -0.447616 0.108328
3479.850 -0.416901 0.088931
3481.850 -0.385120 0.078606
