143.62 0.1335 1.19 20.35 0.0496 1.1668 475.0993
2
286
0.010 -0.049883 0.001977
13.120 -0.168110 0.006591
26.960 -0.231399 0.007773
26.980 -0.202765 0.007794
50.010 -0.152447 0.005436
51.850 -0.153197 0.005700
70.890 -0.062358 0.002187
105.780 -0.097849 0.003903
130.850 -0.102506 0.004051
157.820 -0.037770 0.001459
184.820 -0.005102 0.000067
347.060 -0.217486 0.002848
356.010 -0.291447 0.004051
363.010 -0.358858 0.004829
365.960 -0.353033 0.004814
365.980 -0.349726 0.004785
369.170 -0.345995 0.004671
373.170 -0.338215 0.004615
378.170 -0.327038 0.004400
393.930 -0.199990 0.002702
399.100 -0.219348 0.004707
408.890 -0.252320 0.005333
419.850 -0.199859 0.003971
426.030 -0.117958 0.002372
434.030 -0.106469 0.002200
443.770 -0.161484 0.003446
443.780 -0.172820 0.004031
451.950 -0.164858 0.004001
462.780 -0.137387 0.003280
470.050 -0.089483 0.002160
470.060 -0.089387 0.001133
478.870 -0.025583 0.000434
496.960 -0.040657 0.000687
505.810 -0.055344 0.000936
505.820 -0.053956 0.000924
514.820 -0.050688 0.000834
523.820 -0.050527 0.000840
535.840 -0.122411 0.002125
535.850 -0.121837 0.002123
550.840 -0.174491 0.003187
566.820 -0.157443 0.002906
718.010 -0.139804 0.001775
719.100 -0.151751 0.002023
722.000 -0.146416 0.001968
722.010 -0.145530 0.002022
731.010 -0.173356 0.002401
739.960 -0.105607 0.001695
747.950 -0.109272 0.001709
752.100 -0.143630 0.002038
756.120 -0.124882 0.001774
764.960 -0.137388 0.001815
764.980 -0.139806 0.001815
775.100 -0.087793 0.001190
781.130 -0.036036 0.000477
782.060 -0.024046 0.000316
782.070 -0.023817 0.000323
791.030 -0.001142 0.000014
802.780 0.024443 0.000305
808.960 0.065206 0.000797
808.980 0.066937 0.000829
818.060 0.082165 0.001012
827.780 0.029811 0.000366
844.880 0.072388 0.000772
844.890 0.072349 0.000771
854.030 0.064775 0.000697
854.050 0.062917 0.000696
862.840 0.017248 0.000189
870.820 0.026571 0.000285
879.940 0.016986 0.000190
897.890 -0.044903 0.000496
907.820 0.025793 0.000287
907.840 0.034193 0.000375
920.820 0.042665 0.000692
924.820 0.076276 0.001226
1099.980 -0.261760 0.004242
1100.960 -0.258026 0.004711
1113.930 -0.263893 0.004536
1117.140 -0.245542 0.004660
1122.930 -0.233364 0.004222
1129.130 -0.228275 0.003593
1138.890 -0.269680 0.004152
1147.060 -0.302880 0.004962
1147.070 -0.291190 0.005001
1157.810 -0.347157 0.005718
1157.820 -0.349794 0.005684
1164.810 -0.272897 0.004381
1164.820 -0.276624 0.004391
1172.990 -0.282967 0.004583
1187.780 -0.186762 0.003007
1190.940 -0.190459 0.003014
1200.870 -0.117627 0.001819
1200.880 -0.115373 0.001817
1209.060 -0.123073 0.009035
1226.850 -0.050494 0.003810
1231.850 -0.015751 0.001251
1235.990 -0.015616 0.001196
1244.820 0.013479 0.001228
1253.820 -0.032072 0.002419
1262.820 -0.021131 0.002257
1262.840 -0.023081 0.002154
1274.820 -0.035640 0.003250
1280.820 0.007757 0.000683
1448.010 -0.093763 0.003747
1455.010 -0.118658 0.004970
1462.010 -0.146578 0.006369
1465.960 -0.169787 0.007563
1466.960 -0.216310 0.008644
1469.170 -0.204363 0.008492
1473.170 -0.199491 0.010191
1494.100 -0.038453 0.002096
1497.990 -0.088196 0.004587
1503.090 -0.103129 0.005190
1513.870 -0.139786 0.003673
1521.020 -0.148525 0.003856
1521.030 -0.139558 0.003879
1530.010 -0.090894 0.002396
1540.820 -0.200822 0.005281
1569.780 -0.113523 0.002853
1569.800 -0.112553 0.002824
1584.800 -0.115098 0.003006
1600.840 -0.154584 0.003877
1600.850 -0.150362 0.003868
1618.950 -0.180074 0.002007
1628.820 -0.146902 0.001723
1636.820 -0.149981 0.001777
1645.820 -0.157895 0.001891
1645.840 -0.157612 0.001890
1817.020 -0.309671 0.003527
1817.030 -0.306906 0.003503
1822.010 -0.307781 0.003792
1826.100 -0.301601 0.003654
1830.960 -0.294319 0.003411
1839.950 -0.314587 0.005713
1839.960 -0.320640 0.005713
1849.930 -0.339130 0.006082
1852.130 -0.334156 0.005991
1857.030 -0.304037 0.005548
1860.140 -0.327206 0.005746
1868.910 -0.333195 0.005907
1871.120 -0.338636 0.006040
1878.050 -0.411166 0.007328
1878.060 -0.416429 0.007314
1887.050 -0.358255 0.004798
1887.060 -0.364093 0.004805
1914.870 -0.395879 0.005201
1930.920 -0.372518 0.004885
1941.780 -0.312555 0.004148
1941.800 -0.312878 0.004107
1941.980 -0.304638 0.004106
1957.820 -0.274930 0.003680
1957.840 -0.272238 0.003670
1966.820 -0.277948 0.003693
1969.890 -0.296844 0.005686
1975.820 -0.291392 0.005159
1984.820 -0.216878 0.003683
1986.890 -0.231072 0.003850
1993.820 -0.198876 0.003427
1993.840 -0.194306 0.003385
2002.820 -0.249393 0.004387
2002.840 -0.245514 0.004381
2020.820 -0.150564 0.002599
2175.020 -0.207596 0.003567
2177.180 -0.220735 0.002816
2183.010 -0.300495 0.003914
2192.960 -0.310423 0.004099
2192.980 -0.308851 0.004087
2201.960 -0.341590 0.004609
2204.170 -0.350087 0.004541
2214.980 -0.355075 0.004653
2224.990 -0.336294 0.004458
2234.090 -0.312729 0.004143
2243.090 -0.303104 0.004160
2243.100 -0.308381 0.007286
2261.030 -0.328239 0.008121
2270.010 -0.336712 0.007808
2270.020 -0.323097 0.007569
2278.800 -0.332290 0.008202
2278.810 -0.340460 0.008684
2287.940 -0.370368 0.009284
2296.920 -0.379971 0.009823
2307.780 -0.443719 0.011522
2307.800 -0.434511 0.010079
2314.870 -0.536612 0.020335
2323.820 -0.603261 0.023126
2323.840 -0.589523 0.020895
2331.820 -0.660000 0.022334
2340.820 -0.671690 0.022826
2349.820 -0.596995 0.020659
2358.820 -0.450185 0.016868
2367.820 -0.457512 0.015965
2376.820 -0.484467 0.018252
2385.820 -0.544715 0.019473
2385.840 -0.524321 0.006046
2540.030 -0.395347 0.004584
2548.100 -0.410066 0.004734
2549.030 -0.408158 0.004646
2552.010 -0.419773 0.004865
2560.980 -0.340075 0.003937
2575.160 -0.361939 0.004209
2578.130 -0.355354 0.004093
2583.130 -0.354419 0.004066
2590.100 -0.393850 0.004466
2599.140 -0.488788 0.005636
2607.960 -0.431103 0.004972
2617.020 -0.445357 0.005163
2617.030 -0.441257 0.005156
2625.010 -0.387595 0.004529
2625.020 -0.393251 0.004562
2633.820 -0.397708 0.004693
2643.000 -0.346531 0.004152
2643.010 -0.346193 0.004128
2651.940 -0.315482 0.003767
2687.960 -0.248782 0.022560
2696.840 -0.210034 0.014674
2696.850 -0.199141 0.014575
2715.940 -0.204852 0.013520
2723.830 -0.195525 0.014434
2732.830 -0.178919 0.014548
2741.830 -0.203901 0.012806
2741.840 -0.170690 0.012664
2751.840 -0.178259 0.013577
2909.030 0.088707 0.006493
2913.100 0.063726 0.000707
2918.010 0.086276 0.000978
2930.960 0.024852 0.000277
2931.180 0.016372 0.000184
2934.160 0.051745 0.000573
2939.930 0.073180 0.000778
2948.130 0.112989 0.001201
2955.890 0.093736 0.001021
2964.030 0.078179 0.000852
2964.050 0.076828 0.000853
2983.810 0.234414 0.004745
2991.810 0.181620 0.003455
2991.820 0.178229 0.003451
2999.990 0.168928 0.003400
3009.010 0.144071 0.002763
3009.020 0.135650 0.002741
3017.830 0.145456 0.003267
3035.930 0.126312 0.002818
3053.830 0.140826 0.003318
3053.840 0.142220 0.003308
3061.820 0.150310 0.001722
3061.830 0.148194 0.001688
3070.820 0.193292 0.002245
3079.820 0.175925 0.002029
3079.830 0.173108 0.002077
3088.830 0.210136 0.002538
3097.830 0.164623 0.001857
3097.840 0.157851 0.001855
3106.840 0.191689 0.002172
3116.830 0.187236 0.002226
3273.180 0.298313 0.003689
3279.010 0.251312 0.003208
3287.990 0.193146 0.002445
3295.960 0.155474 0.002063
3300.170 0.199763 0.002643
3304.140 0.208319 0.002603
3304.160 0.208276 0.002583
3314.140 0.241000 0.003022
3323.090 0.181036 0.002254
3327.030 0.171417 0.002148
3330.080 0.189887 0.002799
3330.090 0.192935 0.002825
3343.840 0.263962 0.003486
3348.060 0.271872 0.003867
3356.960 0.286131 0.004066
3365.070 0.229539 0.003219
3372.800 0.205722 0.002864
3373.890 0.195747 0.002524
3382.940 0.138205 0.001798
3387.880 0.137713 0.001866
3391.990 0.148976 0.004087
3392.000 0.145770 0.003780
3400.780 0.149552 0.004002
3400.800 0.149049 0.003866
3418.910 0.133759 0.003468
3429.820 0.114692 0.003203
3429.830 0.118650 0.003216
3436.820 0.127909 0.003489
3445.820 0.143518 0.003884
3445.830 0.146389 0.003760
3454.840 0.159675 0.002851
3461.840 0.156505 0.002661
3463.830 0.161061 0.002776
3463.840 0.152150 0.002553
402
0.030 -4.655494 0.301674
0.050 -5.567118 0.305216
13.140 -4.527202 0.285554
27.010 -4.815850 0.297293
27.020 -4.706782 0.296727
50.180 -4.621729 0.266376
51.880 -4.546475 0.266165
51.890 -4.564095 0.291194
59.020 -4.164541 0.285736
105.820 -3.593641 0.254772
117.940 -3.445518 0.251551
130.870 -3.994868 0.244463
130.880 -3.883516 0.244006
157.850 -3.707379 0.219680
157.870 -3.145486 0.219256
166.850 -3.095148 0.212107
184.850 -3.254451 0.204610
184.870 -3.040884 0.199083
347.090 -1.912016 0.114817
347.100 -1.895973 0.120519
356.030 -2.100373 0.121925
356.050 -1.906978 0.114788
363.030 -2.256397 0.116108
363.050 -1.959007 0.114955
366.010 -1.939830 0.076704
366.020 -2.071840 0.076668
373.980 -1.932401 0.076199
373.990 -2.006835 0.076190
379.990 -1.902834 0.074779
380.000 -1.797216 0.074761
393.960 -1.783547 0.070897
399.130 -1.801365 0.073857
399.140 -1.862506 0.073858
408.920 -1.935539 0.076207
408.930 -1.676929 0.076199
419.890 -1.950971 0.076946
426.060 -2.041849 0.076584
426.070 -2.036546 0.076569
434.060 -2.024961 0.079011
434.070 -1.948119 0.082274
443.810 -2.160823 0.088419
443.820 -2.157926 0.088423
451.980 -2.289678 0.090906
451.990 -2.266204 0.090904
462.810 -2.319103 0.096743
462.820 -2.301259 0.096736
470.780 -2.399940 0.099151
470.800 -2.385383 0.109286
478.890 -2.412653 0.140608
478.910 -2.626630 0.140033
497.000 -2.941619 0.171267
497.010 -2.729593 0.171033
500.920 -3.025078 0.180791
505.850 -3.070417 0.187339
514.850 -2.904821 0.163593
523.850 -3.159290 0.170161
523.870 -3.339580 0.152453
525.820 -3.261955 0.154096
535.880 -3.638817 0.187165
535.890 -3.083818 0.177949
550.870 -3.808201 0.194310
550.880 -4.076906 0.236016
567.820 -3.852665 0.249811
567.840 -4.455329 0.258700
718.030 -4.317737 0.261170
718.050 -3.225980 0.229545
719.130 -4.041493 0.228721
719.140 -4.023620 0.219552
722.030 -4.078044 0.218224
731.030 -3.972960 0.222139
731.050 -3.657169 0.221821
748.100 -3.387367 0.191053
748.120 -3.950838 0.211751
752.140 -3.491454 0.175120
756.140 -3.782843 0.170946
756.160 -3.824884 0.170539
765.010 -3.495118 0.159123
765.020 -3.720149 0.161574
775.130 -3.353543 0.153229
775.140 -3.371824 0.152877
782.090 -3.449418 0.155399
782.100 -3.435384 0.155027
791.060 -3.230491 0.146363
791.070 -3.188476 0.146031
802.820 -2.864390 0.134111
809.010 -3.004249 0.130845
809.020 -3.106424 0.130581
818.090 -2.624503 0.128242
818.100 -2.480064 0.127981
827.820 -2.598365 0.132935
844.910 -2.471236 0.127703
844.920 -2.594302 0.124078
853.880 -2.802249 0.122258
854.070 -2.705955 0.131068
854.090 -2.727100 0.130818
862.870 -2.555549 0.128404
862.880 -2.360957 0.128144
870.850 -2.485676 0.098493
880.000 -2.850719 0.112963
880.010 -2.791033 0.111675
897.930 -2.766096 0.115421
897.940 -2.749326 0.122317
907.850 -2.702788 0.121201
907.870 -2.744288 0.115126
920.890 -2.718220 0.117024
924.850 -2.774850 0.113438
924.870 -2.753221 0.113337
1100.010 -4.891691 0.193523
1100.020 -5.018932 0.193348
1101.000 -4.693045 0.193731
1101.010 -5.051545 0.193545
1113.960 -4.910432 0.202100
1117.170 -5.357054 0.205056
1117.180 -5.119884 0.211965
1122.960 -5.384604 0.213982
1123.930 -5.226439 0.219523
1124.140 -5.596339 0.221361
1129.160 -5.419102 0.224737
1129.170 -5.500219 0.222672
1138.920 -5.521610 0.229567
1138.930 -5.970636 0.241134
1147.100 -5.580933 0.249181
1157.850 -5.965469 0.224856
1164.840 -5.866245 0.224404
1164.850 -6.006543 0.224614
1172.810 -6.408060 0.218442
1173.020 -6.230076 0.218640
1173.030 -5.932836 0.215086
1187.810 -6.477231 0.219841
1187.820 -6.404655 0.219918
1190.960 -6.548198 0.222601
1190.980 -6.343195 0.204905
1200.890 -6.591797 0.208593
1200.910 -6.279337 0.228680
1207.850 -6.559233 0.232646
1209.090 -6.186644 0.245247
1209.100 -6.533599 0.245340
1226.870 -6.880019 0.256641
1226.880 -7.072568 0.256735
1236.810 -6.694815 0.285613
1236.820 -6.537904 0.285731
1244.910 -7.517389 0.285699
1244.920 -7.025036 0.285810
1253.850 -6.655784 0.308386
1262.850 -7.267041 0.313833
1262.870 -7.329805 0.299089
1274.930 -7.843528 0.307644
1274.940 -7.466834 0.280941
1280.850 -7.710089 0.283674
1280.870 -7.591183 0.309242
1448.030 -8.367899 0.324196
1448.050 -8.336079 0.308297
1455.030 -7.900491 0.307077
1455.050 -8.596092 0.337510
1462.030 -7.770016 0.334396
1462.050 -7.670662 0.302195
1467.000 -8.011041 0.301013
1469.980 -8.052432 0.330435
1469.990 -7.932536 0.330744
1473.990 -7.878924 0.314549
1474.000 -7.739228 0.331298
1494.140 -7.210217 0.312073
1503.120 -7.279103 0.293059
1503.130 -7.266785 0.293343
1513.890 -6.525150 0.294060
1513.910 -7.238718 0.294375
1521.050 -6.912370 0.270803
1521.060 -7.282173 0.271067
1530.030 -7.170524 0.271996
1530.050 -7.060539 0.272270
1540.850 -6.982808 0.258335
1569.820 -5.995752 0.308380
1569.840 -6.397208 0.375837
1584.820 -6.914207 0.343230
1584.840 -6.489345 0.343969
1600.880 -7.134522 0.372175
1618.980 -6.787498 0.378162
1618.990 -5.875288 0.353233
1628.930 -6.689070 0.355852
1628.940 -6.764026 0.334956
1636.850 -7.050756 0.340192
1636.870 -6.773378 0.356602
1645.850 -6.434186 0.364106
1645.870 -6.709262 0.381519
1661.840 -6.427133 0.404533
1661.850 -8.009482 0.405452
1817.050 -12.255079 0.657680
1817.060 -12.448781 0.659169
1822.030 -11.246741 0.692226
1822.050 -13.327002 0.693835
1826.140 -12.155866 0.725738
1831.000 -12.451139 0.735489
1831.010 -10.920497 0.675011
1839.990 -11.450601 0.690180
1840.000 -11.985624 0.704226
1844.200 -13.355519 0.713900
1849.960 -12.053446 0.642902
1852.160 -12.034668 0.642256
1852.170 -11.904014 0.640988
1868.940 -12.914487 0.655578
1868.950 -12.700606 0.654303
1878.070 -13.978109 0.664359
1878.090 -14.294512 0.663103
1887.090 -13.296290 0.711620
1887.100 -13.161445 0.710241
1905.980 -14.810208 0.722293
1914.890 -14.042528 0.722480
1914.910 -13.647215 0.721110
1930.950 -13.476865 0.725269
1930.960 -14.105165 0.723849
1941.820 -14.457500 0.720106
1957.870 -13.711812 0.715100
1957.880 -13.988440 0.835406
1966.850 -14.444262 0.830453
1967.000 -14.419452 0.828971
1975.850 -12.828999 0.825064
1984.850 -12.926635 0.815025
1984.870 -13.451457 0.813562
1993.850 -11.395947 0.805602
1993.870 -12.785495 0.804078
2002.870 -15.217448 1.119454
2002.880 -13.314960 1.111100
2020.850 -12.983111 1.080513
2020.870 -13.086315 1.077706
2175.050 -8.883777 0.783040
2175.060 -9.983202 0.781023
2178.070 -8.071327 0.772233
2183.030 -7.970151 0.761866
2183.050 -8.525776 0.736305
2193.010 -9.226809 0.711172
2202.000 -9.239980 0.690793
2202.010 -7.910151 0.689053
2204.980 -8.644235 0.678902
2204.990 -7.786672 0.677207
2208.930 -8.741868 0.663663
2208.940 -7.035970 0.662024
2215.010 -8.527464 0.645660
2215.020 -8.213553 0.710290
2218.120 -7.536838 0.698971
2225.070 -9.063467 0.675707
2234.100 -7.657026 0.643824
2234.120 -7.378843 0.642172
2243.130 -7.387330 0.613334
2243.140 -7.361559 0.611833
2261.060 -6.396020 0.466556
2270.050 -6.474648 0.439486
2270.060 -6.269727 0.438484
2272.050 -5.943136 0.431508
2278.840 -5.356735 0.413184
2278.850 -6.521703 0.412333
2287.960 -5.832726 0.389140
2287.980 -5.178668 0.388319
2296.950 -5.304210 0.402909
2296.960 -4.992526 0.402059
2307.850 -4.750253 0.371957
2307.870 -5.023117 0.371163
2314.890 -4.458018 0.353567
2314.910 -4.768106 0.352792
2323.820 -4.405866 0.333201
2323.850 -4.515935 0.332412
2323.870 -4.106606 0.359382
2331.850 -4.053553 0.337110
2340.850 -3.291155 0.305777
2349.850 -3.770893 0.271415
2358.870 -2.794716 0.235291
2367.850 -2.548760 0.202256
2367.870 -2.251303 0.201809
2376.850 -1.978200 0.176241
2376.870 -2.137643 0.226994
2385.850 -1.634293 0.185731
2385.870 -2.237098 0.185236
2540.070 2.530397 0.329890
2548.130 3.690208 0.347937
2548.140 4.243306 0.347102
2549.060 3.141116 0.346565
2549.070 3.095275 0.345728
2552.030 3.697141 0.351162
2552.050 3.341844 0.285119
2561.010 3.817312 0.305460
2561.020 4.392186 0.304758
2576.940 4.306995 0.331466
2576.950 3.896832 0.330719
2578.160 4.673956 0.331628
2578.170 3.895804 0.330894
2583.160 3.957313 0.339105
2583.170 4.456741 0.338356
2590.140 4.144628 0.438040
2601.180 4.697624 0.451464
2608.000 4.731309 0.467789
2608.010 4.897492 0.466754
2617.050 4.468551 0.478131
2617.060 5.247037 0.477108
2625.050 5.821081 0.850231
2625.060 5.595965 0.811157
2630.920 6.672813 0.827611
2631.100 4.094233 0.898620
2633.850 3.688000 0.902473
2643.030 5.422272 0.841139
2651.960 7.086043 0.861838
2651.980 6.134281 0.874979
2688.000 7.415367 0.947054
2688.010 6.330447 0.961088
2696.880 5.748586 0.979549
2696.890 6.010402 0.826483
2723.850 6.907501 0.854813
2723.870 6.147835 0.848282
2732.850 7.111075 0.852121
2732.870 5.319093 0.841303
2741.870 5.965567 0.843472
2741.880 5.385582 0.931599
2752.830 5.839176 0.932928
2752.840 4.984722 0.789275
2909.060 4.845102 0.664039
2909.070 5.576093 0.640997
2913.130 5.547758 0.650753
2913.140 4.745649 0.649076
2918.030 5.474038 0.379372
2918.050 4.911855 0.376956
2929.170 3.697900 0.358874
2931.000 4.984143 0.353426
2931.010 4.545361 0.352648
2933.000 5.013028 0.348022
2933.010 4.857089 0.347261
2934.980 5.237212 0.307486
2934.990 5.253047 0.306837
2939.960 4.752733 0.299832
2948.160 4.569798 0.289530
2948.170 4.459289 0.288954
2955.920 4.893856 0.279663
2955.930 4.526081 0.279058
2964.080 4.187435 0.265006
2964.090 3.844208 0.233609
2983.840 3.976902 0.213991
2983.850 4.087350 0.213545
2991.850 3.176808 0.198465
3000.020 3.304068 0.185782
3000.030 3.314120 0.185395
3007.050 3.233057 0.173136
3009.050 3.065364 0.169151
3009.060 3.215455 0.168789
3017.890 3.167598 0.162497
3017.910 2.901487 0.161573
3035.960 2.258812 0.128924
3053.850 1.661934 0.089788
3053.870 1.586686 0.089608
3061.850 1.437995 0.074197
3065.880 1.424736 0.072528
3070.850 0.991041 0.059949
3079.850 0.833176 0.042834
3079.870 0.818424 0.042736
3088.850 0.481715 0.025913
3088.870 0.454938 0.026203
3097.870 0.125587 0.006430
3097.880 0.121635 0.006385
3106.870 -0.252685 0.012135
3106.880 -0.212169 0.012143
3116.850 -0.578330 0.033202
3116.870 -0.645042 0.033187
3279.030 -6.322009 0.349668
3279.050 -6.486018 0.349180
3288.020 -7.108813 0.351644
3288.030 -6.690378 0.351100
3296.000 -7.639709 0.361534
3296.010 -6.942907 0.360981
3300.960 -7.516944 0.351679
3304.930 -7.344621 0.355784
3304.940 -8.377740 0.355892
3314.170 -8.063324 0.362918
3314.180 -7.596345 0.304223
3330.100 -7.948001 0.319958
3330.120 -7.797715 0.320066
3337.030 -7.934149 0.324533
3343.870 -7.163512 0.327527
3343.880 -8.240397 0.327618
3348.820 -7.342761 0.328621
3348.830 -8.058863 0.328740
3356.990 -8.397447 0.332883
3357.000 -7.981455 0.363255
3365.100 -8.845634 0.368818
3366.920 -8.013351 0.370125
3373.950 -8.016700 0.373814
3373.960 -8.169389 0.373951
3382.960 -9.024089 0.378177
3382.980 -8.265163 0.378324
3386.990 -7.819849 0.378830
3392.030 -8.954437 0.347517
3400.830 -8.269737 0.347985
3400.840 -8.545812 0.348108
3418.940 -9.081728 0.516049
3418.950 -7.736568 0.513211
3427.920 -8.636363 0.461450
3429.920 -9.199334 0.459725
3429.930 -7.885532 0.462860
3436.850 -8.156319 0.458996
3445.850 -8.492882 0.451441
3451.890 -9.376646 0.448932
3454.870 -8.217290 0.448607
3454.880 -8.013064 0.447776
3463.870 -8.355160 0.445600
3463.880 -7.856141 0.444778
3479.850 -7.299558 0.417362
3481.850 -7.758739 0.414494
