119.23 0.2873 1.43 19.70 0.2039 6.4467 525.0774
2
286
0.010 -0.525965 0.011579
13.120 -0.669578 0.013618
26.960 -0.584748 0.012453
26.980 -0.585389 0.012399
50.010 -0.514512 0.011104
51.850 -0.525571 0.011080
70.890 -0.386700 0.008459
105.780 -0.058612 0.001270
130.850 0.033400 0.000721
157.820 0.025058 0.000559
184.820 -0.020116 0.000167
347.060 -0.063820 0.000524
356.010 -0.020342 0.000175
363.010 -0.053632 0.000452
365.960 -0.011134 0.000096
365.980 -0.013517 0.000116
369.170 -0.069515 0.000595
373.170 -0.194245 0.001638
378.170 -0.187792 0.001592
393.930 -0.220930 0.001904
399.100 -0.192262 0.002381
408.890 -0.201951 0.002533
419.850 -0.150346 0.001727
426.030 -0.161948 0.001878
434.030 -0.011678 0.000141
443.770 -0.152835 0.001850
443.780 -0.155923 0.002172
451.950 -0.124808 0.001724
462.780 -0.054774 0.000751
470.050 0.048638 0.000660
470.060 0.051782 0.000417
478.870 0.064041 0.000650
496.960 0.085270 0.000855
505.810 0.097600 0.001003
505.820 0.103603 0.001056
514.820 0.174751 0.001799
523.820 0.026684 0.000272
535.840 0.083548 0.000871
535.850 0.079084 0.000817
550.840 0.024029 0.000258
566.820 -0.104713 0.001135
718.010 -0.071924 0.000590
719.100 -0.045749 0.000390
722.000 0.041053 0.000351
722.010 0.041779 0.000372
731.010 -0.091364 0.000797
739.960 -0.219296 0.002078
747.950 -0.459392 0.004421
752.100 -0.366109 0.003228
756.120 -0.354654 0.003138
764.960 -0.407531 0.003435
764.980 -0.407712 0.003411
775.100 -0.343285 0.002908
781.130 -0.392037 0.003340
782.060 -0.398581 0.003356
782.070 -0.399258 0.003364
791.030 -0.235174 0.001882
802.780 -0.168736 0.001320
808.960 -0.073804 0.000583
808.980 -0.081155 0.000643
818.060 -0.069550 0.000556
827.780 -0.047268 0.000382
844.880 0.048713 0.000347
844.890 0.057728 0.000415
854.030 -0.035705 0.000257
854.050 -0.037567 0.000271
862.840 -0.136345 0.000995
870.820 -0.075356 0.000545
879.940 -0.151391 0.001110
897.890 -0.047603 0.000349
907.820 0.110276 0.000808
907.840 0.108284 0.000796
920.820 -0.073217 0.000730
924.820 -0.052907 0.000507
1099.980 0.022474 0.000221
1100.960 0.005915 0.000061
1113.930 0.093575 0.000994
1117.140 0.094111 0.001027
1122.930 0.041205 0.000451
1129.130 0.096043 0.000887
1138.890 0.096363 0.000899
1147.060 0.196186 0.001965
1147.070 0.197066 0.001949
1157.810 0.338924 0.003335
1157.820 0.340693 0.003349
1164.810 0.367545 0.003623
1164.820 0.381905 0.003644
1172.990 0.404313 0.003904
1187.780 0.222347 0.002152
1190.940 0.329230 0.003158
1200.870 0.267274 0.002610
1200.880 0.270296 0.002642
1209.060 0.425433 0.018698
1226.850 0.448694 0.021000
1231.850 0.492053 0.022759
1235.990 0.509431 0.023466
1244.820 0.739876 0.030272
1253.820 0.486802 0.022861
1262.820 0.735822 0.037705
1262.840 0.683555 0.037929
1274.820 0.646105 0.035392
1280.820 0.756217 0.036771
1448.010 0.408550 0.009748
1455.010 0.366678 0.008871
1462.010 0.316094 0.007681
1465.960 0.232043 0.005392
1466.960 0.297411 0.007121
1469.170 0.239337 0.005829
1473.170 0.239290 0.006881
1494.100 0.278642 0.007825
1497.990 0.201241 0.005477
1503.090 0.074102 0.002122
1513.870 -0.055301 0.000817
1521.020 -0.068584 0.001042
1521.030 -0.070749 0.001079
1530.010 -0.063316 0.000941
1540.820 0.028812 0.000427
1569.780 -0.104819 0.001520
1569.800 -0.109221 0.001596
1584.800 -0.027347 0.000397
1600.840 -0.080440 0.001157
1600.850 -0.083266 0.001190
1618.950 -0.079767 0.000588
1628.820 -0.162484 0.001254
1636.820 -0.177537 0.001366
1645.820 -0.260207 0.002013
1645.840 -0.261402 0.002033
1817.020 -0.018706 0.000142
1817.030 -0.017267 0.000130
1822.010 0.123707 0.000962
1826.100 0.098551 0.000780
1830.960 0.044681 0.000332
1839.950 -0.006610 0.000070
1839.960 0.002032 0.000022
1849.930 0.127911 0.001364
1852.130 0.015186 0.000160
1857.030 -0.075740 0.000815
1860.140 -0.164015 0.001726
1868.910 -0.051488 0.000542
1871.120 -0.071530 0.000762
1878.050 -0.020297 0.000215
1878.060 -0.016661 0.000178
1887.050 -0.122946 0.001027
1887.060 -0.123823 0.001031
1914.870 0.047823 0.000402
1930.920 0.368471 0.003101
1941.780 0.209718 0.001752
1941.800 0.213262 0.001778
1941.980 0.212138 0.001805
1957.820 0.158964 0.001338
1957.840 0.164942 0.001408
1966.820 0.093199 0.000794
1969.890 0.108250 0.001199
1975.820 -0.041306 0.000432
1984.820 -0.098356 0.001045
1986.890 -0.116938 0.001225
1993.820 -0.201577 0.002127
1993.840 -0.200935 0.002099
2002.820 -0.155563 0.001629
2002.840 -0.148152 0.001534
2020.820 -0.049370 0.000510
2175.020 0.030386 0.000313
2177.180 0.034110 0.000285
2183.010 -0.076164 0.000628
2192.960 0.010714 0.000088
2192.980 0.018587 0.000152
2201.960 -0.013664 0.000113
2204.170 0.024079 0.000200
2214.980 -0.130761 0.001084
2224.990 -0.073287 0.000607
2234.090 -0.164344 0.001385
2243.090 -0.235732 0.001996
2243.100 -0.239099 0.003217
2261.030 -0.140419 0.001930
2270.010 -0.199378 0.002810
2270.020 -0.211483 0.002805
2278.800 -0.334766 0.004492
2278.810 -0.334901 0.004781
2287.940 -0.359466 0.005109
2296.920 -0.326851 0.004859
2307.780 -0.246569 0.003632
2307.800 -0.246326 0.003266
2314.870 -0.308201 0.006890
2323.820 -0.266303 0.005693
2323.840 -0.258924 0.005018
2331.820 -0.212944 0.004259
2340.820 -0.176421 0.003624
2349.820 -0.349049 0.007068
2358.820 -0.337297 0.006943
2367.820 -0.502754 0.010241
2376.820 -0.476334 0.009834
2385.820 -0.528147 0.011199
2385.840 -0.545563 0.004111
2540.030 -0.054186 0.000406
2548.100 0.009024 0.000069
2549.030 0.017558 0.000131
2552.010 -0.000689 0.000005
2560.980 0.070482 0.000519
2575.160 0.142929 0.001076
2578.130 0.151216 0.001126
2583.130 0.301892 0.002263
2590.100 0.330772 0.002470
2599.140 0.239971 0.001802
2607.960 0.269834 0.002043
2617.020 0.210580 0.001609
2617.030 0.212147 0.001599
2625.010 0.247150 0.001870
2625.020 0.245790 0.001905
2633.820 0.280591 0.002144
2643.000 0.275474 0.002108
2643.010 0.272814 0.002074
2651.940 0.251511 0.001970
2687.960 0.467746 0.021652
2696.840 0.461267 0.018161
2696.850 0.435245 0.017947
2715.940 0.481391 0.020712
2723.830 0.536312 0.021782
2732.830 0.498087 0.021295
2741.830 0.557438 0.021400
2741.840 0.571569 0.021457
2751.840 0.627455 0.025168
2909.030 0.833755 0.033416
2913.100 0.861806 0.006371
2918.010 1.004781 0.007411
2930.960 0.853324 0.006302
2931.180 0.858507 0.006332
2934.160 0.810441 0.005924
2939.930 0.856849 0.006112
2948.130 0.884347 0.006337
2955.890 0.855342 0.006307
2964.030 0.715005 0.005242
2964.050 0.714983 0.005206
2983.810 0.717279 0.008369
2991.810 0.731523 0.008415
2991.820 0.721626 0.008351
2999.990 0.757389 0.008937
3009.010 0.678022 0.007846
3009.020 0.688149 0.007846
3017.830 0.677245 0.008890
3035.930 0.535911 0.007145
3053.830 0.533015 0.007393
3053.840 0.547146 0.007348
3061.820 0.488427 0.003688
3061.830 0.493476 0.003714
3070.820 0.431982 0.003266
3079.820 0.400380 0.003019
3079.830 0.394217 0.003030
3088.830 0.446894 0.003444
3097.830 0.327970 0.002455
3097.840 0.324428 0.002467
3106.840 0.312266 0.002340
3116.830 0.385619 0.002966
3273.180 0.379637 0.003034
3279.010 0.488044 0.003970
3287.990 0.366491 0.002971
3295.960 0.404132 0.003338
3300.170 0.409747 0.003381
3304.140 0.347358 0.002767
3304.160 0.348765 0.002762
3314.140 0.444437 0.003530
3323.090 0.364620 0.002899
3327.030 0.274682 0.002231
3330.080 0.339086 0.003104
3330.090 0.342729 0.003147
3343.840 0.384631 0.003300
3348.060 0.321847 0.002860
3356.960 0.270061 0.002368
3365.070 0.370248 0.003215
3372.800 0.414942 0.003551
3373.890 0.400555 0.003315
3382.940 0.596386 0.004825
3387.880 0.646663 0.005474
3391.990 0.704649 0.011804
3392.000 0.742636 0.010970
3400.780 0.808701 0.012468
3400.800 0.812161 0.012303
3418.910 0.758949 0.011538
3429.820 0.784969 0.012541
3429.830 0.798247 0.012587
3436.820 0.799598 0.011768
3445.820 0.865809 0.013043
3445.830 0.847145 0.012736
3454.840 0.691051 0.007109
3461.840 0.680642 0.007095
3463.830 0.662042 0.006930
3463.840 0.637217 0.006525
402
0.030 -0.345914 0.011666
0.050 -0.341287 0.011795
13.140 -1.635965 0.054214
27.010 -1.882504 0.065044
27.020 -1.848129 0.064929
50.180 -1.758407 0.061806
51.880 -1.887472 0.062304
51.890 -1.909965 0.067986
59.020 -1.925979 0.068864
105.820 -1.751928 0.058192
117.940 -1.730427 0.058494
130.870 -1.529666 0.055240
130.880 -1.426110 0.055147
157.850 -1.815384 0.063247
157.870 -1.774663 0.063138
166.850 -1.752846 0.059502
184.850 -1.865696 0.063282
184.870 -1.959583 0.061647
347.090 -1.666000 0.055758
347.100 -1.645374 0.058440
356.030 -1.661616 0.056975
356.050 -1.579587 0.053725
363.030 -1.539105 0.051374
363.050 -1.538380 0.050864
366.010 -1.598200 0.035175
366.020 -1.575716 0.035159
373.980 -1.451423 0.033734
373.990 -1.488842 0.033731
379.990 -1.656628 0.037064
380.000 -1.668163 0.037062
393.960 -1.486058 0.033694
399.130 -1.589518 0.036219
399.140 -1.523452 0.036213
408.920 -1.517953 0.034444
408.930 -1.480054 0.034440
419.890 -1.448686 0.032726
426.060 -1.386071 0.030636
426.070 -1.338450 0.030627
434.060 -1.233332 0.028090
434.070 -1.242351 0.029164
443.810 -1.092633 0.026133
443.820 -1.087923 0.026130
451.980 -1.068525 0.026187
451.990 -1.115074 0.026183
462.810 -0.895468 0.021327
462.820 -0.908633 0.021323
470.780 -0.774183 0.018386
470.800 -0.772788 0.020133
478.890 -0.580846 0.019633
478.910 -0.580858 0.019551
497.000 -0.318310 0.011496
497.010 -0.303398 0.011470
500.920 -0.228714 0.008192
505.850 -0.137648 0.005086
514.850 0.058660 0.001732
523.850 0.255081 0.007779
523.870 0.248233 0.007016
525.820 0.282529 0.007853
535.880 0.434641 0.013091
535.890 0.443712 0.012484
550.870 0.695829 0.019786
550.880 0.700783 0.023862
567.820 0.948526 0.032393
567.840 0.918264 0.033528
718.030 3.823098 0.142773
718.050 3.923421 0.126043
719.130 3.929253 0.126612
719.140 4.075560 0.121735
722.030 4.083780 0.123185
731.030 4.242984 0.131912
731.050 4.392225 0.131729
748.100 4.261353 0.118723
748.120 4.423084 0.131042
752.140 4.020099 0.107352
756.140 4.094311 0.104304
756.160 4.083256 0.104085
765.010 3.816110 0.103073
765.020 4.063031 0.104573
775.130 4.120975 0.102780
775.140 3.886736 0.102563
782.090 3.941369 0.108956
782.100 3.862487 0.108725
791.060 3.868907 0.106539
791.070 4.224794 0.106319
802.820 4.029362 0.104448
809.010 4.039151 0.104358
809.020 3.967085 0.104164
818.090 4.028942 0.105705
818.100 4.001293 0.105505
827.820 3.901935 0.106353
844.910 3.973726 0.104587
844.920 3.776186 0.101778
853.880 3.712008 0.099315
854.070 3.902181 0.105971
854.090 3.772774 0.105760
862.870 3.621029 0.095102
862.880 3.561489 0.094918
870.850 3.260546 0.071042
880.000 3.191595 0.077236
880.010 3.155061 0.076413
897.930 2.973586 0.068203
897.940 2.937993 0.072014
907.850 2.828265 0.069765
907.870 2.779378 0.066476
920.890 2.587374 0.058483
924.850 2.330581 0.054090
924.870 2.286072 0.054033
1100.010 -0.372236 0.008383
1100.020 -0.359067 0.008377
1101.000 -0.380625 0.008424
1101.010 -0.368948 0.008416
1113.960 -0.468017 0.010547
1117.170 -0.430777 0.010061
1117.180 -0.437188 0.010374
1122.960 -0.465561 0.010763
1123.930 -0.455046 0.011077
1124.140 -0.454248 0.011171
1129.160 -0.523126 0.013097
1129.170 -0.546907 0.012991
1138.920 -0.579102 0.013365
1138.930 -0.544203 0.013994
1147.100 -0.542288 0.013885
1157.850 -0.464828 0.010058
1164.840 -0.398625 0.008557
1164.850 -0.398619 0.008560
1172.810 -0.363933 0.007563
1173.020 -0.356060 0.007544
1173.030 -0.362598 0.007430
1187.810 -0.370944 0.007663
1187.820 -0.378736 0.007667
1190.960 -0.420254 0.008699
1190.980 -0.426307 0.008077
1200.890 -0.479606 0.009056
1200.910 -0.460152 0.009844
1207.850 -0.470748 0.009800
1209.090 -0.463300 0.010109
1209.100 -0.455113 0.010111
1226.870 -0.237025 0.005024
1226.880 -0.226713 0.005025
1236.810 -0.211748 0.004907
1236.820 -0.197741 0.004907
1244.910 -0.092413 0.002092
1244.920 -0.088444 0.002087
1253.850 -0.028903 0.000731
1262.850 -0.082643 0.002081
1262.870 -0.083191 0.001980
1274.930 0.062477 0.001436
1274.940 0.061811 0.001325
1280.850 0.086586 0.001862
1280.870 0.085547 0.002012
1448.030 -0.026512 0.000608
1448.050 -0.027026 0.000578
1455.030 0.109143 0.002450
1455.050 0.106937 0.002684
1462.030 0.115758 0.002739
1462.050 0.114624 0.002489
1467.000 0.049085 0.001053
1469.980 0.007493 0.000177
1469.990 0.006854 0.000174
1473.990 -0.026384 0.000609
1474.000 -0.025580 0.000640
1494.140 -0.124560 0.003143
1503.120 -0.183885 0.004161
1503.130 -0.175880 0.004171
1513.890 -0.389499 0.009225
1513.910 -0.405312 0.009240
1521.050 -0.505307 0.011325
1521.060 -0.515760 0.011338
1530.030 -0.549269 0.012653
1530.050 -0.553401 0.012663
1540.850 -0.561797 0.012655
1569.820 -0.874208 0.022902
1569.840 -0.809727 0.027702
1584.820 -0.850596 0.026334
1584.840 -0.865083 0.026402
1600.880 -1.098560 0.036244
1618.980 -1.395191 0.043390
1618.990 -1.302641 0.040637
1628.930 -1.292074 0.040721
1628.940 -1.357171 0.038432
1636.850 -1.495722 0.043060
1636.870 -1.504928 0.045046
1645.850 -1.494749 0.048370
1645.870 -1.555296 0.050607
1661.840 -1.773557 0.057037
1661.850 -1.803776 0.057161
1817.050 -3.236485 0.100343
1817.060 -3.091076 0.100555
1822.030 -3.255210 0.103160
1822.050 -3.234043 0.103385
1826.140 -3.172486 0.106012
1831.000 -2.925752 0.105520
1831.010 -3.187936 0.097127
1839.990 -3.160981 0.100827
1840.000 -3.010280 0.102803
1844.200 -3.203647 0.103520
1849.960 -3.301732 0.092446
1852.160 -3.231125 0.091276
1852.170 -3.162170 0.091098
1868.940 -3.053012 0.091182
1868.950 -3.227381 0.091006
1878.070 -2.979465 0.088548
1878.090 -3.133604 0.088374
1887.090 -3.035382 0.092021
1887.100 -2.879978 0.091846
1905.980 -3.093351 0.089305
1914.890 -2.861653 0.085139
1914.910 -2.870625 0.084956
1930.950 -2.107415 0.064439
1930.960 -2.198988 0.064307
1941.820 -1.832928 0.055633
1957.870 -1.629686 0.048236
1957.880 -1.652197 0.056033
1966.850 -1.492621 0.049719
1967.000 -1.437660 0.049541
1975.850 -1.205453 0.043045
1984.850 -1.156860 0.039534
1984.870 -1.186584 0.039442
1993.850 -0.954331 0.032582
1993.870 -0.958475 0.032515
2002.870 -0.807173 0.036260
2002.880 -0.719659 0.035985
2020.850 -0.048773 0.002420
2020.870 -0.050200 0.002369
2175.050 5.334187 0.253156
2175.060 5.171685 0.252549
2178.070 5.554860 0.257222
2183.030 5.783694 0.261044
2183.050 5.319895 0.252468
2193.010 5.772551 0.263135
2202.000 5.944087 0.274061
2202.010 6.251814 0.273410
2204.980 6.489895 0.276275
2204.990 6.523371 0.275623
2208.930 6.149767 0.279809
2208.940 6.192139 0.279153
2215.010 6.424654 0.283513
2215.020 6.444605 0.311391
2218.120 6.032673 0.312502
2225.070 6.223248 0.321464
2234.100 6.674207 0.328372
2234.120 7.599065 0.327596
2243.130 6.878026 0.335947
2243.140 7.002160 0.335158
2261.060 7.531690 0.297339
2270.050 7.642248 0.299784
2270.060 7.664523 0.299152
2272.050 7.706115 0.299496
2278.840 7.415527 0.301449
2278.850 7.716204 0.300858
2287.960 7.187124 0.302003
2287.980 7.920315 0.301420
2296.950 8.300651 0.334104
2296.960 8.348683 0.333444
2307.850 7.585336 0.342981
2307.870 8.687101 0.342324
2314.890 7.593028 0.346463
2314.910 7.903926 0.345794
2323.820 7.890375 0.345333
2323.850 7.957358 0.344665
2323.870 7.696943 0.372175
2331.850 8.194089 0.375874
2340.850 8.239401 0.380848
2349.850 8.701532 0.376868
2358.870 7.659534 0.372411
2367.850 7.939203 0.368491
2367.870 7.500056 0.367766
2376.850 8.692517 0.364226
2376.870 8.092409 0.467604
2385.850 8.483700 0.446029
2385.870 8.186831 0.444936
2540.070 6.002970 0.327566
2548.130 6.123204 0.316580
2548.140 6.014589 0.315808
2549.060 5.810211 0.314441
2549.070 5.651378 0.313677
2552.030 5.686737 0.311380
2552.050 5.384830 0.253601
2561.010 5.436506 0.246559
2561.020 5.770841 0.245973
2576.940 5.077710 0.236521
2576.950 5.626610 0.235981
2578.160 5.314216 0.235037
2578.170 5.286131 0.234507
2583.160 5.447973 0.231075
2583.170 5.104590 0.230558
2590.140 5.087933 0.291498
2601.180 5.285489 0.279102
2608.000 4.854847 0.273369
2608.010 4.474971 0.272751
2617.050 4.925126 0.267315
2617.060 5.084015 0.266709
2625.050 4.507072 0.444083
2625.060 4.548569 0.423752
2630.920 5.033287 0.420305
2631.100 3.741467 0.456034
2633.850 5.205534 0.455503
2643.030 4.461922 0.402806
2651.960 4.972262 0.396397
2651.980 4.004720 0.402338
2688.000 4.252140 0.404583
2688.010 4.135309 0.410555
2696.880 4.896601 0.412994
2696.890 4.598958 0.348773
2723.850 5.202304 0.358151
2723.870 4.407652 0.355440
2732.850 4.328978 0.356582
2732.870 4.444467 0.352095
2741.870 4.950933 0.356665
2741.880 4.340373 0.393676
2752.830 5.319514 0.403458
2752.840 5.177440 0.341736
2909.060 6.009366 0.413361
2909.070 6.216362 0.399160
2913.130 6.199519 0.413337
2913.140 6.060719 0.412294
2918.030 5.868872 0.248721
2918.050 5.969308 0.247184
2929.170 6.778542 0.244994
2931.000 5.934695 0.243395
2931.010 6.353921 0.242872
2933.000 6.136381 0.241230
2933.010 5.898549 0.240714
2934.980 5.911128 0.213102
2934.990 5.849937 0.212670
2939.960 5.745281 0.209779
2948.160 5.538624 0.207123
2948.170 5.824636 0.206711
2955.920 5.648738 0.202373
2955.930 5.661359 0.201965
2964.080 5.621047 0.197677
2964.090 5.329642 0.175001
2983.840 5.227152 0.163608
2983.850 5.398118 0.163288
2991.850 5.370364 0.156713
3000.020 4.751905 0.152758
3000.030 5.071137 0.152466
3007.050 4.560917 0.147832
3009.050 4.805648 0.145911
3009.060 4.671312 0.145628
3017.890 4.439403 0.146097
3017.910 4.450765 0.145313
3035.960 4.000782 0.128826
3053.850 3.441805 0.108633
3053.870 3.441996 0.108447
3061.850 3.282481 0.102291
3065.880 3.194364 0.099207
3070.850 3.180044 0.094961
3079.850 2.828775 0.085960
3079.870 2.899059 0.085807
3088.850 2.553375 0.078872
3088.870 2.696103 0.079764
3097.870 2.601848 0.074621
3097.880 2.428249 0.074494
3106.870 2.197717 0.067018
3106.880 2.272475 0.066907
3116.850 1.992669 0.060164
3116.870 1.957397 0.060068
3279.030 2.419906 0.074114
3279.050 2.486411 0.074013
3288.020 2.607118 0.077549
3288.030 2.691440 0.077435
3296.000 2.601474 0.078785
3296.010 2.524062 0.078673
3300.960 2.995216 0.079016
3304.930 2.973333 0.081322
3304.940 3.012559 0.081347
3314.170 3.081082 0.087228
3314.180 3.180499 0.073876
3330.100 3.390713 0.078927
3330.120 3.327325 0.078952
3337.030 3.531976 0.081943
3343.870 3.580409 0.083951
3343.880 3.671414 0.083982
3348.820 3.795667 0.088171
3348.830 3.705642 0.088204
3356.990 3.840376 0.090714
3357.000 3.794875 0.098457
3365.100 3.959013 0.101439
3366.920 3.995642 0.102635
3373.950 4.173327 0.107698
3373.960 4.068828 0.107739
3382.960 4.463713 0.111717
3382.980 4.324995 0.111769
3386.990 4.502052 0.115947
3392.030 4.766630 0.111146
3400.830 4.921485 0.117219
3400.840 5.268576 0.117265
3418.940 5.108225 0.176669
3418.950 5.335394 0.175739
3427.920 5.124301 0.162598
3429.920 5.296113 0.162526
3429.930 4.883740 0.163594
3436.850 5.764034 0.166778
3445.850 5.903926 0.169019
3451.890 5.595062 0.171792
3454.870 5.819493 0.172690
3454.880 5.561861 0.172390
3463.870 5.175459 0.170171
3463.880 5.401318 0.169878
3479.850 5.633197 0.165206
3481.850 5.508558 0.166493
